-11.2408018360088
-552.840763838884
-882.613370824241
-2.15040840409105
577.392482306639
2914.30648675795
-4491.5436611513
-3449.62204648062
3281.75032786278
8005.94099308236
-3139.37286522676
2866.82799010051
602.532115457482
5653.08253823121
1468.06969385049
1887.72393871033
-836.605871795489
-1740.66968500844
62.2036137056785
-2891.72502487781
1164.62828844246
-470.328182117843
-3566.14459988665
-2499.07019134914
-231.978605915563
88.5746750690811
-8969.75205849131
1362.77795334556
-4529.40325519685
-6180.71447424256
-1827.48469301544
-127.217028304285
-5669.97064175339
-2802.02184523218
8832.82407791087
