0
0
0
0
0
0
0
0
0
63041
0
0
0
0
0
0
0
0
0
0
0
0
0
0
0
0
0
0
0
0
0
71497
0
0
0
0
0
0
0
0
0
0
0
0
0
0
0
0
0
0
0
0
0
0
0
0
0
0
0
0
0
0
0
0
0
0
0
0
0
0
0
0
0
0
0
0
0
0
0
0
0
0
0
0
0
0
0
0
0
0
0
0
0
0
0
0
0
0
0
0
0
0
0
27640
0
0
0
0
0
0
0
0
0
0
0
0
0
0
6339
0
0
0
0
0
0
0
0
0
0
0
0
0
80856
0
0
0
0
0
57088
0
106470
72974
0
0
0
0
0
0
0
0
0
0
0
0
32941
0
0
0
0
0
0
0
0
0
0
0
0
0
0
0
0
0
0
0
28735
0
0
0
0
0
0
0
0
0
0
0
0
0
0
0
0
0
45015
0
0
0
0
0
17270
0
0
0
0
10773
0
0
0
0
0
0
0
0
0
0
0
0
0
0
0
96042
3179412
0
0
43366
0
0
0
0
0
0
0
0
0
38826
0
0
0
0
0
0
0
0
0
0
0
0
0
14128
0
0
0
0
0
0
0
0
0
0
0
0
48208
0
0
0
0
0
0
0
0
0
0
0
0
0
0
0
0
15365
0
0
0
291770
0
0
0
0
0
0
0
0
0
0
0
0
0
0
0
0
16188
0
0
0
0
0
0
0
0
0
0
0
0
0
0
79487
0
0
0
0
0
0
0
33596
0
0
0
0
0
0
0
0
27854
0
0
0
0
0
0
0
0
0
0
0
0
0
0
0
0
0
0
0
0
0
0
0
0
0
10090
0
0
0
0
0
0
0
0
0
0
0
0
0
0
0
14093
0
0
0
0
0
0
56109
0
0
0
0
0
0
82316
0
0
0
0
0
0
0
0
0
0
0
0
0
0
0
0
0
0
0
7113
0
0
0
0
0
0
0
49982
0
0
0
0
0
0
0
0
55201
45511
0
0
0
0
0
26887
0
0
0
0
0
0
0
0
0
0
0
0
0
0
33967
0
0
0
0
28472
33629
0
0
0
0
27962
0
0
0
0
0
0
0
0
0
0
0
0
0
0
0
0
0
0
0
0
0
0
0
0
9273
0
0
0
0
0
0
0
0
0
303915
0
0
0
0
0
0
0
0
0
0
0
0
0
42679
0
0
0
0
0
0
0
0
0
0
0
0
0
0
71567
0
0
0
0
0
0
0
0
0
0
0
0
0
0
0
0
68862
0
0
0
0
0
0
0
0
0
0
16111
0
0
0
0
0
0
0
0
0
12104
0
21442
0
0
0
0
0
0
0
0
107469
0
0
0
0
0
0
0
77056
56109
0
0
0
0
0
0
0
0
0
0
0
0
0
0
0
0
0
0
0
0
0
0
0
0
0
0
0
0
0
0
0
0
0
0
0
0
0
0
0
0
0
0
0
0
0
0
0
0
0
0
0
0
0
0
0
0
0
0
0
0
0
0
0
0
0
0
0
0
0
0
0
0
0
0
0
0
0
0
0
0
0
0
243530
0
0
0
94079
0
0
0
0
0
0
0
0
0
0
0
38579
0
0
0
0
0
0
0
0
0
0
0
0
0
0
0
0
0
0
0
0
0
0
0
0
0
0
0
0
0
0
0
0
0
0
0
0
0
0
0
0
0
0
0
0
0
0
0
0
0
0
0
0
0
0
0
0
0
0
0
0
0
0
0
0
0
0
0
0
0
0
0
0
37572
0
0
0
0
105016
0
0
0
0
0
0
0
0
0
0
0
0
0
0
25333
0
0
0
0
0
0
0
0
0
0
0
0
0
0
0
0
0
0
0
0
0
0
29582
0
15519
0
0
0
0
0
0
0
105410
0
0
0
0
0
0
0
0
24224
0
0
0
6901
0
0
0
0
0
0
0
0
23026
0
0
0
0
0
0
0
0
0
0
0
0
76178
0
0
0
0
0
0
0
0
0
0
0
0
0
0
0
0
0
0
0
0
0
0
31100
0
0
0
0
0
0
0
0
0
0
0
0
0
0
0
0
0
0
26014
0
0
0
0
0
0
74946
0
0
0
0
0
0
97885
0
0
0
40649
0
32268
0
0
0
0
88348
0
0
0
0
0
0
0
127270
0
241320
0
0
0
0
61108
0
0
26528
0
0
0
0
0
0
0
0
0
0
0
0
0
0
0
0
0
0
0
0
0
0
0
0
0
0
0
0
0
0
0
283368
136880
0
0
0
0
0
0
0
0
0
0
0
0
0
0
0
0
0
0
23317
0
0
0
0
0
0
0
0
0
0
0
0
0
0
0
0
0
0
0
0
0
0
0
0
0
0
0
108217
0
0
0
0
0
0
0
0
0
0
0
0
0
0
0
0
0
0
0
0
0
0
0
0
0
0
0
0
0
0
0
0
0
0
0
0
0
0
16233
27309
0
0
0
0
0
0
0
0
0
0
0
0
0
0
0
0
0
0
0
0
0
0
0
24176
0
0
0
0
0
0
0
0
0
0
77754
0
0
0
0
0
0
0
0
0
0
0
0
0
0
0
0
0
0
0
0
0
0
0
0
0
0
0
65272
0
0
0
0
0
0
0
0
0
0
0
0
0
0
0
0
0
137038
0
0
0
0
0
0
0
0
0
0
0
0
0
0
5667
21019
0
0
0
0
0
0
0
0
0
0
0
0
0
0
0
0
0
0
83644
0
0
0
0
8899
0
0
0
0
0
0
0
0
0
0
0
0
48094
0
0
0
0
0
0
0
0
0
0
0
0
0
0
0
0
0
0
127974
0
0
0
0
0
0
0
0
0
0
0
0
0
15993
50634
0
0
0
0
0
0
0
0
0
0
0
0
0
0
0
162726
0
51661
24722
0
0
0
0
0
0
0
0
0
39487
0
0
0
0
0
67657
0
0
0
0
0
0
0
0
10976
22049
0
0
0
0
37070
0
0
0
0
0
0
0
0
0
0
0
0
0
0
0
0
0
0
0
47730
0
60270
22228
0
0
0
0
0
0
0
78908
0
0
0
0
0
0
0
0
0
0
0
0
0
0
0
0
0
0
0
0
0
0
0
0
0
0
0
152120
0
0
0
0
0
0
235216
0
0
0
0
0
0
0
0
0
0
0
0
0
0
0
0
0
0
0
0
0
0
0
0
0
0
0
0
23021
0
0
0
0
0
0
0
84973
0
43044
0
0
0
0
0
0
0
0
0
0
0
131567
0
0
0
0
0
0
0
0
0
0
0
0
0
0
0
0
0
0
0
0
0
0
0
0
0
0
0
0
0
0
0
0
0
0
0
0
0
0
0
0
0
0
0
0
14439
0
0
0
0
0
0
0
0
0
0
0
0
0
0
0
0
0
0
0
0
0
0
0
0
0
0
0
13060
0
0
0
0
0
0
0
0
0
0
0
0
0
0
0
0
0
0
0
0
0
0
0
0
0
0
0
0
0
0
0
0
0
0
60319
0
0
47798
0
0
0
0
0
0
0
0
0
0
0
0
0
0
0
0
9179
72492
0
2294928
0
0
0
0
0
0
0
0
0
0
0
0
0
0
0
0
0
0
0
0
0
0
0
3455
0
0
0
0
0
0
0
0
0
0
132324
0
0
0
0
0
0
0
36446
0
0
0
0
0
0
0
0
0
0
0
0
0
0
0
0
0
0
0
0
0
0
0
0
0
38162
0
0
0
191685
0
0
0
0
76980
0
0
0
3205
0
12318
0
0
0
0
0
0
0
0
0
0
26772
0
0
0
12198
0
0
0
0
0
116766
40268
0
0
0
0
0
0
0
0
0
0
0
51005
42582
0
16329
0
0
0
0
0
0
0
0
0
0
0
0
0
0
0
0
0
0
214056
70993
0
114235
0
0
0
0
0
0
0
0
0
0
0
0
0
9802
0
0
25426
0
0
0
119276
0
0
0
0
0
0
0
0
0
0
0
0
0
0
0
0
0
0
0
0
0
0
16007
0
188292
0
0
0
0
0
0
0
0
0
0
0
0
40734
0
15276
0
0
16835
0
0
0
0
0
18966
0
0
0
49240
0
0
0
0
0
0
91770
0
0
0
67025
40992
0
0
0
0
0
0
0
11881
0
0
0
0
0
5773
0
0
0
0
0
0
0
0
0
0
0
0
0
0
0
0
0
0
0
0
0
0
0
0
0
0
0
0
0
21876
0
0
0
0
0
0
0
0
0
0
0
0
0
0
55664
0
0
0
0
0
0
0
0
0
0
0
0
0
18150
0
0
0
0
0
0
0
0
0
0
0
0
0
0
0
0
0
0
0
0
0
0
0
0
0
0
0
0
0
0
0
0
0
0
0
0
0
0
0
0
0
0
0
0
0
0
0
0
0
0
0
0
0
0
0
0
0
0
0
102252
0
0
68809
0
0
0
0
0
0
0
0
0
0
0
0
0
0
0
0
0
0
0
0
0
0
87072
0
0
0
0
0
0
0
0
0
0
0
0
0
0
0
0
0
0
0
0
0
23121
0
0
0
0
0
0
0
89282
0
0
0
0
0
0
0
0
0
0
0
11181
0
0
0
0
0
0
0
0
0
0
0
64890
0
0
0
197786
0
0
0
0
0
0
0
0
0
0
0
0
0
0
0
0
0
0
40202
0
0
0
0
0
0
0
0
0
0
0
0
0
0
0
0
0
0
0
0
0
0
0
0
0
0
0
0
14206
0
0
0
0
0
0
0
0
0
52595
0
0
0
0
0
0
50907
9643
216018
18361
0
0
0
0
0
0
0
0
0
0
0
0
0
0
0
0
0
0
0
0
0
53124
0
0
0
0
0
0
0
0
0
0
0
0
0
0
0
0
0
0
0
0
0
8692
9065
0
0
352484
0
0
0
18626
0
0
0
0
0
0
0
70376
0
0
0
0
0
0
0
0
0
0
21334
0
0
0
0
10284
0
0
0
0
0
0
0
0
0
0
0
0
0
0
0
0
0
0
0
0
0
0
0
0
55896
0
0
0
18373
0
0
0
0
0
0
0
15206
0
0
0
0
0
0
0
0
0
0
0
79960
0
0
0
0
0
0
0
0
0
0
0
0
0
0
0
0
0
0
0
0
0
0
0
0
0
0
0
0
0
0
0
0
0
0
0
0
0
0
0
0
0
0
88789
12243
0
0
0
0
0
0
0
31895
0
0
0
0
0
0
0
0
0
0
0
0
0
47879
0
0
0
0
0
0
0
0
0
53486
2401
0
0
0
0
22989
0
0
0
0
0
0
0
0
0
0
0
0
0
0
0
0
0
0
0
0
0
0
0
0
0
0
0
0
0
0
0
0
0
0
0
0
0
0
0
0
0
0
0
0
0
21348
0
61032
0
0
0
0
0
0
0
0
0
41844
0
0
0
0
0
0
15774
0
0
0
0
25858
0
0
0
0
0
0
0
0
0
27559
31044
0
0
0
0
0
0
0
0
0
0
0
0
0
0
0
0
0
0
0
0
0
0
0
0
0
0
0
0
0
0
0
0
0
0
0
0
0
0
0
0
0
0
0
0
0
0
0
0
0
0
0
12811
0
0
0
0
0
140696
0
0
0
0
0
0
0
0
0
0
0
0
0
0
0
0
0
0
0
0
0
0
0
0
0
0
23686
0
0
0
0
0
0
0
0
0
0
0
0
0
0
0
0
0
0
0
0
0
0
0
0
0
0
0
0
0
0
0
0
0
0
0
0
0
0
0
0
0
0
0
25918
0
0
0
0
0
0
0
0
0
0
0
82056
0
0
0
0
0
0
0
0
0
0
0
0
0
0
0
0
0
0
0
0
0
0
0
0
0
0
0
0
0
0
0
0
0
0
0
84995
0
0
0
0
0
0
0
0
0
0
0
0
0
0
0
0
0
0
0
58193
0
0
0
0
0
0
0
0
0
0
0
0
0
0
0
0
0
0
18698
0
0
0
0
0
0
0
0
0
0
0
0
0
0
0
0
0
0
767908
0
0
0
0
0
0
0
0
0
0
60906
0
0
0
0
0
0
0
0
0
0
0
0
0
0
0
25125
0
0
0
0
0
0
0
0
0
0
0
0
0
0
0
0
0
68111
0
0
0
0
0
0
0
98298
0
0
0
0
0
0
185949
0
0
0
0
0
0
0
0
0
0
0
0
0
0
0
0
0
56351
0
0
0
0
0
0
0
0
0
0
0
0
0
0
0
1482090
0
0
0
0
0
0
0
0
0
0
0
0
102684
8152
0
10681
0
0
0
0
0
0
0
0
0
0
0
0
0
0
0
0
0
0
0
0
0
0
0
0
0
0
0
0
0
0
0
8531
0
0
0
0
0
0
0
0
0
0
0
0
0
0
0
0
0
0
0
0
0
0
0
0
0
0
0
0
0
0
0
36066
18345
0
0
0
0
0
0
91152
0
0
0
0
0
0
0
0
0
0
0
0
0
0
0
0
0
0
0
0
0
0
0
0
0
0
0
0
0
0
0
0
0
0
32660
0
0
0
0
8651
0
0
0
0
0
0
29152
0
0
0
0
0
157374
0
0
0
0
0
0
0
0
0
0
0
0
0
0
0
0
0
0
0
30332
0
0
0
0
0
0
0
47113
0
0
0
0
0
0
0
0
0
0
0
0
33712
0
0
0
0
0
0
0
0
0
0
0
0
0
0
0
0
0
0
0
0
0
0
0
0
0
0
0
0
0
0
0
0
0
0
0
0
0
0
0
0
0
0
0
0
0
0
0
0
0
0
0
0
0
0
0
0
0
0
0
25084
0
0
0
0
0
0
22652
0
0
91488
0
0
0
0
0
0
0
0
0
0
0
0
0
0
0
0
0
0
0
0
0
0
0
0
0
0
0
239421
0
0
0
0
0
0
0
0
0
39124
0
0
6431
0
0
13003
0
0
0
0
0
0
0
0
0
0
0
0
0
0
0
81917
0
73724
5837
0
0
0
0
0
0
0
0
0
0
0
0
0
0
0
0
0
0
0
0
0
0
0
14234
0
0
0
0
0
0
0
0
0
0
0
0
0
0
0
0
0
0
0
0
0
0
0
48198
0
118489
0
0
0
0
0
0
0
0
0
0
0
0
0
0
0
0
0
0
0
21515
16209
0
0
0
0
0
0
0
0
0
0
0
0
0
0
25031
0
16305
0
0
0
0
0
14170
0
0
0
0
0
0
0
83465
0
0
0
0
0
0
0
0
0
0
21061
591771
0
0
0
0
0
0
0
0
0
71677
0
7174
0
75591
0
0
0
0
0
0
0
0
0
0
0
0
29988
0
0
0
0
0
12008
13773
0
0
0
0
59530
0
0
0
0
0
0
0
0
0
0
0
0
0
0
0
0
0
0
0
0
0
0
0
0
0
0
0
0
0
0
0
0
0
0
0
0
0
0
31243
0
0
0
0
222275
0
0
0
0
0
0
0
0
0
0
0
0
0
0
0
0
0
0
116834
0
0
0
0
0
0
0
0
0
0
0
56022
0
0
0
0
0
0
3454
0
0
0
0
0
38016
0
0
0
0
0
0
0
0
0
0
0
0
0
0
0
276556
32579
0
0
0
0
0
0
0
0
0
0
0
0
0
0
0
0
0
0
0
0
0
0
0
0
0
0
0
0
0
0
0
0
0
0
0
0
0
0
0
0
0
0
0
0
0
195786
0
0
0
0
0
0
0
0
34711
0
0
0
0
0
0
0
0
0
0
0
0
0
0
0
0
0
0
0
0
0
0
0
0
0
0
0
203546
0
0
0
0
0
0
0
0
0
0
0
0
0
0
0
0
0
0
0
0
0
0
16261
0
0
0
0
0
0
0
0
0
0
0
0
0
0
0
0
0
0
0
0
0
0
0
0
0
0
0
0
0
0
0
0
0
0
0
0
0
0
0
0
0
0
70527
0
0
254516
0
0
0
0
0
0
0
0
0
0
14122
0
0
0
0
0
0
0
0
0
0
0
0
0
0
0
0
0
0
0
0
0
0
0
0
0
0
0
0
0
0
0
0
31419
0
0
0
0
0
0
0
60512
0
0
0
55760
0
0
0
0
0
0
29012
0
0
0
0
0
0
0
0
10487
0
0
0
33284
0
0
0
0
0
0
0
31752
0
0
0
0
0
0
166407
0
0
0
0
130808
0
0
0
0
0
0
0
0
0
128088
0
0
4239
0
83216
0
0
0
0
0
0
0
0
0
0
0
0
0
0
0
0
0
0
0
0
0
0
0
0
0
0
0
0
0
0
0
12013
0
0
0
0
0
0
0
0
0
0
4406
0
0
0
0
0
0
17262
0
0
37267
12238
24724
0
0
0
735801
0
0
0
0
0
0
0
0
0
0
0
0
0
0
0
0
0
0
0
25895
0
0
0
0
0
30800
0
0
0
0
0
44991
0
0
0
180228
0
0
0
0
0
0
251101
0
0
0
0
0
0
0
0
0
0
0
0
0
0
997674
0
0
0
0
0
0
0
0
0
0
0
0
0
0
0
0
90136
0
0
0
0
31171
0
0
0
12708
0
0
0
0
0
0
0
0
0
0
86547
0
0
0
0
67488
0
0
0
0
0
0
0
0
0
0
0
0
0
0
0
0
0
0
39362
0
0
0
0
0
47231
0
0
28910
0
0
0
0
0
0
0
0
0
0
0
0
0
0
0
0
0
0
0
664744
0
38296
0
0
109416
0
0
0
0
0
0
0
19664
0
0
26435
0
13470
0
0
0
0
0
99400
0
16794
0
95468
0
269079
0
0
0
67578
0
32128
0
0
0
0
0
0
0
0
0
0
0
0
0
0
0
0
0
0
0
0
0
0
0
0
156332
0
0
0
0
0
0
0
0
0
0
0
0
0
0
0
0
187038
0
0
0
0
0
0
0
0
0
0
0
0
0
0
43374
0
0
0
0
0
0
0
0
0
0
0
0
0
0
0
0
0
0
0
0
0
0
0
0
0
0
0
0
0
33286
0
0
0
0
316986
0
0
0
0
0
0
0
0
0
0
0
0
0
0
0
0
0
0
18939
0
0
0
0
0
0
32996
0
0
0
0
0
0
0
0
0
0
0
0
0
52022
0
0
0
0
0
32869
41015
0
0
0
0
0
0
0
0
0
0
0
0
0
0
0
0
0
0
0
0
187982
0
0
0
0
0
0
0
0
0
0
0
0
0
0
0
0
0
0
0
0
0
0
0
0
0
0
0
0
0
0
0
0
0
0
0
41868
9611
0
0
0
0
0
0
0
0
0
0
0
0
0
0
0
0
0
0
0
24208
0
0
51598
0
40206
0
0
0
0
0
0
0
0
0
0
0
0
0
0
0
0
0
0
0
0
0
0
0
0
0
0
0
0
0
73653
0
0
0
0
0
0
0
0
0
0
28204
0
0
0
0
285544
0
0
0
0
0
0
0
0
0
0
0
0
0
0
66151
0
0
0
0
0
0
0
0
0
0
0
0
0
13279
0
0
0
0
0
0
0
0
40502
0
334308
0
0
0
0
0
0
0
0
0
0
0
0
0
0
0
0
0
0
0
0
0
0
0
0
0
0
0
0
0
0
0
0
0
0
0
0
42912
0
0
0
0
0
0
0
0
0
0
0
0
0
0
0
0
0
0
133482
0
34905
0
0
0
0
0
0
0
20904
0
0
0
0
0
0
0
0
0
0
0
0
0
0
0
0
0
0
0
3632
0
0
0
0
0
0
0
0
0
0
0
0
0
0
0
0
8511
0
0
0
0
0
0
113784
0
0
0
0
0
28858
0
0
0
0
0
0
0
0
0
0
0
0
0
0
0
0
0
0
0
0
0
0
0
0
0
0
0
53126
0
0
0
0
0
0
0
0
0
0
0
0
0
0
0
0
0
0
0
0
0
0
0
0
0
19880
0
0
0
0
0
0
0
0
0
0
0
0
0
0
0
76857
0
9504
0
0
0
0
0
0
0
0
0
0
0
0
0
0
0
0
0
0
0
0
0
0
0
0
0
0
0
0
55252
0
0
0
0
0
0
0
0
0
0
0
25328
0
0
0
0
0
0
0
0
0
0
0
0
0
0
0
0
0
0
0
0
0
0
0
0
0
0
0
0
0
39510
0
0
19999
0
0
0
0
50642
0
0
0
0
0
0
0
0
0
0
43142
44900
0
0
0
0
0
0
0
0
0
0
0
0
28528
0
0
0
0
0
0
0
0
0
0
40016
0
0
0
0
13337
75250
0
0
0
0
0
0
0
0
0
0
0
0
0
0
0
0
0
0
21570
0
0
0
0
0
0
0
0
0
0
0
0
0
0
0
0
0
43032
0
0
154174
0
0
396834
0
0
0
0
0
0
0
0
23271
0
0
13221
0
0
0
0
0
0
0
14429
0
0
0
0
0
0
0
0
0
0
0
0
0
0
0
0
0
0
0
0
0
0
0
38766
0
0
29532
0
0
0
0
0
0
0
0
0
0
0
0
0
0
0
0
0
0
17907
0
0
0
0
0
0
0
22473
0
0
0
0
0
0
0
0
3938
0
0
0
0
0
132000
0
0
0
0
0
208000
0
0
0
0
0
0
161385
0
0
0
0
0
0
0
0
0
0
0
0
0
0
0
0
0
0
0
0
0
0
0
0
0
0
41054
0
0
0
0
0
0
15120
108105
0
0
0
0
0
0
0
131082
0
0
0
0
0
0
0
0
0
0
0
56373
0
0
0
0
0
0
0
0
0
0
12915
0
0
0
0
98400
0
70230
0
0
0
0
0
0
0
5287
0
0
0
0
0
0
0
0
0
14917
0
0
0
0
0
0
0
0
0
0
0
0
0
0
0
0
50080
0
22404
0
0
0
0
0
0
0
0
0
99694
0
0
0
0
0
0
0
0
0
0
0
0
0
0
0
0
0
13078
0
0
0
0
0
0
0
0
0
0
0
0
0
0
388795
0
0
0
0
0
0
0
0
0
0
10909
0
0
0
0
0
0
0
0
0
0
0
0
0
0
0
0
39685
0
0
0
0
0
0
0
0
0
0
0
21406
0
0
0
0
0
0
0
0
0
0
0
0
0
0
0
11688
149814
0
0
0
0
0
0
0
0
0
0
0
0
0
0
0
0
0
0
0
0
0
0
0
0
0
0
0
0
0
0
0
0
0
0
0
18413
0
38962
0
0
0
20009
0
0
0
0
0
0
0
0
0
0
0
0
179320
0
0
0
0
0
0
0
0
38847
0
19342
0
0
0
242608
0
0
0
0
47984
0
0
0
21075
0
0
0
0
0
26754
114318
0
0
0
0
0
0
0
0
0
0
0
0
0
424816
0
0
0
0
6277
0
0
0
0
0
0
0
0
0
0
0
0
0
0
0
0
0
0
0
0
0
0
54653
0
0
0
0
0
0
0
0
0
0
0
0
0
0
0
0
0
0
0
0
0
0
0
0
0
0
0
0
0
181804
0
0
53446
0
0
0
0
0
0
0
0
0
0
0
0
0
0
0
0
0
0
0
0
54715
0
0
0
0
60872
11785
77786
0
0
0
0
0
52503
0
0
0
123880
0
0
0
0
0
0
0
14552
0
0
0
0
0
0
0
0
0
0
0
0
0
0
0
0
0
0
0
0
13166
0
0
0
0
0
0
0
0
0
0
0
0
0
0
0
0
0
0
0
0
0
0
0
0
0
0
0
0
0
0
0
0
0
0
0
0
0
0
0
0
0
0
73885
0
0
0
0
0
0
0
0
0
0
0
0
0
0
0
0
0
0
0
0
0
0
0
0
0
0
0
0
0
0
0
0
144914
0
0
0
0
0
0
0
0
0
6273
0
0
0
0
0
0
0
0
0
0
0
0
0
0
29177
8957
70668
0
35872
0
0
0
0
0
0
0
12557
0
0
0
0
0
0
0
0
0
0
17352
0
0
0
34385
0
0
0
73252
0
0
0
0
0
0
29609
0
0
0
0
0
0
18199
0
0
0
0
0
0
0
61660
0
0
0
0
0
61719
35507
7605
0
0
0
0
0
0
0
0
0
0
0
152445
0
0
0
0
0
0
0
0
0
0
0
0
0
0
0
0
0
0
0
0
0
0
0
0
0
0
0
29045
0
0
0
278147
0
0
0
0
0
0
0
0
0
0
0
0
0
0
0
0
0
0
0
0
0
0
0
0
0
0
0
0
0
0
0
0
0
0
0
0
0
0
0
0
0
0
0
0
0
0
0
0
0
0
0
0
0
0
0
0
0
0
0
0
0
0
0
0
18160
0
0
18170
0
0
0
0
0
0
0
0
0
0
0
46894
0
0
0
0
0
0
0
0
0
0
0
0
0
0
0
0
0
0
0
0
0
0
0
0
0
0
0
19402
0
0
0
0
0
0
0
0
60062
0
0
0
0
0
0
0
19895
0
0
23633
0
0
0
0
0
0
0
42259
0
0
0
76963
0
0
0
0
0
0
27376
0
0
0
0
0
0
0
0
0
0
0
0
0
6555
0
0
0
0
0
0
0
0
0
0
0
0
0
0
28597
0
192150
0
0
0
0
0
0
0
0
0
0
0
0
0
0
0
0
0
0
0
0
31951
0
0
0
0
0
0
0
0
0
0
0
0
0
0
0
0
0
0
0
0
0
0
0
0
0
0
0
0
0
0
0
0
0
0
0
0
0
0
0
0
0
0
87449
30983
0
0
0
0
0
0
0
0
0
0
0
0
11909
0
0
82541
0
0
0
0
0
0
0
0
0
0
0
0
0
12913
21633
0
0
0
0
103027
0
30273
0
0
0
0
0
0
0
0
0
0
0
0
0
0
0
0
0
0
15929
0
0
0
0
0
0
0
0
0
0
0
0
0
0
0
0
0
0
0
0
0
0
0
0
0
0
0
0
0
0
0
0
75078
0
0
0
0
0
0
0
14468
0
292128
0
0
8046
0
0
0
0
0
0
0
0
23191
0
0
0
0
0
80314
0
0
0
0
0
0
0
0
0
34487
0
0
0
0
0
0
0
0
0
0
0
0
0
0
0
0
23649
0
0
0
0
0
0
0
0
0
0
0
0
0
0
0
6853
0
120042
0
0
0
0
21284
0
0
0
0
0
0
0
0
0
0
0
0
0
0
0
0
0
0
0
0
0
0
0
0
0
0
0
0
0
0
0
0
0
0
57047
0
0
0
0
0
0
0
0
0
0
0
0
39244
0
0
0
0
0
0
0
0
0
0
0
0
0
0
0
0
0
0
0
55246
0
0
0
0
0
0
0
0
0
0
0
0
0
0
0
0
23070
0
0
0
0
0
0
60256
0
16601
0
0
0
0
0
0
0
36558
0
0
0
0
0
0
0
0
0
0
0
0
0
0
0
0
0
0
0
0
0
0
0
0
0
84436
130986
0
0
0
0
0
0
0
0
0
0
0
0
0
0
0
0
0
0
0
31148
37079
0
0
0
0
0
0
0
0
0
0
339039
0
0
0
0
0
0
0
0
0
0
0
0
0
0
0
0
65286
0
0
0
0
0
0
0
0
0
0
0
0
0
0
0
0
0
0
0
0
0
0
0
0
0
0
0
0
0
0
0
0
0
0
0
0
0
0
0
0
0
0
0
0
0
0
0
0
0
0
0
0
0
0
0
129867
0
0
0
0
0
0
0
0
0
0
0
0
0
0
0
0
0
0
0
0
0
0
0
0
0
0
0
0
0
0
0
0
0
0
0
0
0
0
0
0
0
0
0
0
0
0
0
0
0
0
0
0
0
0
0
0
0
103193
0
0
0
0
0
0
0
0
0
0
0
0
0
0
0
0
0
0
0
0
0
0
0
129192
0
0
0
0
0
0
0
0
0
0
0
0
0
0
0
0
0
0
0
0
0
0
0
0
0
0
0
0
0
0
0
0
0
0
0
0
0
0
0
0
0
0
0
0
0
0
0
0
0
0
0
0
0
0
0
0
0
0
0
0
0
0
0
0
0
0
0
0
0
0
0
0
0
104257
16807
0
0
0
0
0
0
0
0
0
0
0
0
0
0
0
0
0
0
15798
0
0
0
0
0
0
0
0
0
0
0
0
0
0
0
0
0
0
0
0
0
0
0
0
0
16385
0
0
0
0
0
0
0
0
0
0
0
0
0
0
0
0
0
0
76134
0
0
0
0
0
0
0
0
0
0
0
0
0
0
0
7605
0
0
0
0
0
0
0
0
9535
0
0
0
0
0
0
0
0
0
0
0
246006
0
0
0
0
0
0
0
0
0
0
0
0
5001
0
0
23292
0
0
0
0
0
0
0
0
0
0
0
0
0
0
0
0
0
0
0
0
0
0
0
36606
0
0
0
0
0
34757
0
0
53268
0
0
0
0
0
0
0
0
0
0
0
0
0
0
0
47464
0
0
0
0
0
0
0
117961
0
0
0
0
0
0
0
0
0
0
0
0
0
0
0
0
0
0
0
0
0
18091
0
0
0
80033
0
0
0
0
0
0
0
0
0
0
0
0
45698
0
0
0
0
0
0
0
0
0
0
0
0
0
0
0
0
0
0
0
0
0
0
51337
0
0
0
0
0
0
0
0
0
0
0
0
0
0
0
0
0
0
0
64084
0
4850
0
22820
0
39067
0
0
0
0
0
0
0
0
0
0
0
0
0
0
0
0
0
0
0
0
0
0
0
0
20576
0
0
0
0
0
0
0
0
0
0
0
0
0
0
0
0
0
0
0
0
0
0
0
0
0
0
0
0
0
35866
0
0
0
0
0
0
0
0
0
29831
0
0
0
0
0
0
0
0
0
0
0
0
0
0
0
0
0
0
0
0
0
0
0
0
0
69478
0
0
0
0
0
0
0
0
0
0
0
0
0
0
0
0
0
0
0
0
0
0
0
60975
0
0
0
0
0
0
0
0
0
0
54439
0
0
0
0
0
0
0
0
0
0
0
0
0
0
0
0
0
0
0
0
0
0
0
0
0
0
0
0
0
21359
0
0
0
0
0
0
0
0
0
0
0
0
0
112762
0
0
0
0
0
0
0
0
0
0
0
230698
0
0
0
0
0
12354
0
0
0
0
0
0
0
0
0
0
0
5694
0
0
0
0
13555
0
73227
0
23444
0
31502
0
0
0
0
0
0
0
24346
0
0
0
0
0
0
0
0
0
0
0
0
0
0
0
0
0
0
0
0
0
0
0
0
11235
0
0
0
17955
0
0
0
0
0
0
0
0
0
0
0
0
0
0
0
0
0
0
0
0
0
0
0
0
0
0
0
0
53082
0
0
0
0
0
0
0
0
0
0
0
0
0
106559
0
31882
0
0
0
0
0
0
0
21447
39272
23198
0
0
0
0
0
0
0
0
164000
0
71242
142486
0
0
25236
0
0
0
0
0
85525
0
0
0
0
0
0
0
0
36920
0
0
0
0
0
0
0
0
0
0
0
0
0
0
0
0
0
0
0
0
0
0
0
0
0
0
0
0
0
0
0
0
11032
0
0
0
0
0
0
0
0
0
0
0
0
0
0
0
0
21612
0
0
0
0
0
0
0
0
0
0
0
0
0
0
0
10835
0
0
0
0
0
0
0
0
0
0
0
0
0
0
0
0
0
0
0
0
0
0
0
0
0
0
0
0
0
0
0
0
0
0
0
0
0
0
0
0
0
0
0
0
0
0
19600
0
0
268346
71552
0
0
0
0
0
0
0
0
0
0
0
0
0
0
6829
0
0
0
0
0
0
20318
0
0
0
0
0
84768
0
0
0
0
0
0
0
0
0
0
0
29372
0
0
17403
0
0
0
0
0
0
0
0
0
0
0
0
45631
0
0
0
0
0
0
0
0
0
0
0
0
0
0
0
0
0
0
0
0
0
0
0
0
0
0
0
27150
0
0
0
0
0
0
0
0
0
0
0
0
0
0
0
297488
0
0
0
0
0
155418
0
0
0
0
0
0
0
42619
0
0
0
10970
0
0
0
0
0
0
0
0
0
0
0
0
0
0
0
0
0
0
0
0
0
0
0
0
0
0
0
118352
12908
0
0
0
0
0
0
0
0
0
0
0
0
0
0
0
0
0
0
0
0
0
0
0
0
0
0
0
0
0
0
0
0
0
0
0
0
0
0
0
0
0
0
0
0
0
0
0
0
0
0
0
0
0
0
0
0
0
0
0
0
0
0
0
0
0
0
0
0
0
18636
0
0
0
0
0
0
0
0
0
0
0
0
0
60436
0
0
0
0
0
0
0
0
0
0
0
0
0
0
0
0
0
71951
0
40509
0
0
0
0
0
0
0
0
0
0
0
0
0
0
0
0
525681
0
0
0
0
0
1385913
100473
0
95228
0
0
0
0
0
0
0
0
0
0
0
0
0
38022
0
0
0
0
0
0
0
0
0
0
0
0
0
0
0
0
0
0
0
0
0
0
0
0
0
0
0
0
22902
0
0
0
0
0
0
0
0
20643
0
0
0
0
41724
0
0
0
0
0
0
0
0
0
755528
0
0
0
0
0
0
0
0
0
14074
15510
0
0
0
0
0
0
0
0
350004
0
0
0
0
0
0
0
0
0
0
0
0
0
0
0
0
0
0
0
0
0
29690
0
23417
0
0
0
0
0
0
0
91863
0
102224
0
0
0
53314
0
0
0
0
0
54612
0
0
0
0
0
0
0
0
0
0
28751
0
0
0
0
0
0
0
0
0
0
0
20701
0
0
36370
0
0
0
0
0
0
0
0
0
0
0
0
0
44167
9574
0
0
0
0
0
0
0
69089
0
0
0
0
0
182741
0
0
0
0
0
0
0
5734
0
0
0
0
0
0
0
0
0
0
0
0
0
0
0
174354
0
0
33317
0
0
0
0
0
0
0
0
0
0
0
0
0
0
0
9683
0
0
0
0
0
0
0
0
0
5050
0
0
70283
0
0
0
33128
0
0
24419
0
0
0
0
27525
0
0
0
0
0
0
0
73670
0
0
0
0
0
14444
0
0
8333
0
50341
0
0
0
0
0
0
0
0
0
0
34085
0
0
0
0
0
0
0
0
0
0
0
0
0
0
37860
0
75160
21006
0
0
0
0
54631
28732
0
0
0
0
0
0
0
0
0
0
0
0
0
0
0
0
0
0
0
0
0
15939
0
0
0
0
0
0
0
0
0
0
0
0
0
0
0
0
0
0
0
39452
0
0
0
0
0
0
0
0
0
0
0
0
0
0
0
0
0
0
0
0
0
0
0
74158
0
0
0
65906
0
0
141322
0
53577
0
0
0
0
10194
0
0
0
0
0
0
0
0
0
0
12381
0
0
0
0
0
0
0
239950
0
0
0
0
64224
0
148792
0
0
0
0
0
0
0
0
0
42670
0
0
0
0
0
0
25380
0
0
0
0
0
0
0
51116
0
0
0
0
0
0
0
0
0
0
0
0
0
0
0
0
0
0
0
0
0
0
0
0
0
0
0
0
63098
0
5416
0
0
0
0
0
0
0
0
0
0
0
0
0
26982
0
0
0
0
0
0
0
0
0
0
0
0
0
33206
0
23616
0
0
0
0
0
0
0
0
0
0
0
0
0
0
0
91093
0
0
0
0
0
0
0
0
0
0
0
0
0
0
0
0
0
0
0
26318
0
0
0
77926
0
0
0
0
0
0
0
0
0
0
0
0
0
0
0
20752
0
0
0
0
0
0
0
0
0
0
0
0
0
0
0
0
0
0
0
0
0
0
0
0
0
0
0
0
0
0
0
0
0
0
0
20429
0
0
0
0
0
0
0
0
0
0
0
0
0
0
58746
50968
0
20891
0
0
0
0
0
0
0
0
0
0
43896
0
108708
0
0
0
0
0
0
0
0
0
0
0
0
0
8011
0
0
0
0
0
0
3946
0
0
0
0
0
0
0
0
0
0
0
0
0
0
0
0
0
0
0
95828
0
0
0
0
0
0
0
0
0
0
0
0
133560
0
0
0
15114
0
0
0
0
0
0
0
0
0
0
0
0
0
0
0
0
0
0
0
0
191056
0
0
0
0
0
0
0
0
0
0
0
0
0
0
0
0
0
0
0
0
0
0
0
0
0
0
0
0
0
0
0
0
0
0
0
0
0
0
0
0
0
0
0
0
0
0
0
0
0
0
0
0
0
0
0
0
0
0
36310
0
12994
0
0
329463
0
0
0
0
0
0
0
0
0
0
10192
0
0
0
0
8017
21529
0
0
0
0
0
0
0
0
0
0
0
0
0
0
0
0
0
0
0
0
0
0
0
0
0
0
0
0
0
0
0
0
0
0
0
0
0
0
0
0
0
0
0
0
0
0
50886
0
0
0
163522
0
0
0
0
0
0
0
0
175323
0
0
95712
0
0
0
0
85101
0
0
0
0
0
0
17219
0
0
0
0
0
0
0
0
0
0
0
0
0
0
0
0
0
0
0
0
0
0
0
0
0
0
0
0
0
0
0
0
0
0
0
0
0
0
0
0
0
31370
0
0
0
0
142046
0
0
0
0
0
0
0
43782
0
0
0
0
0
122676
0
0
0
0
0
0
0
0
0
0
0
0
0
0
0
0
0
0
0
0
0
0
0
0
0
0
0
0
0
0
0
41268
0
0
0
0
0
0
0
0
0
0
0
0
0
0
0
0
0
0
0
0
49853
0
0
0
0
14849
0
0
0
0
0
0
0
0
0
0
0
0
0
0
0
0
0
0
0
0
0
0
0
0
0
0
0
0
0
0
0
0
0
0
0
0
0
0
13012
0
0
0
0
0
0
39172
0
0
0
0
0
0
24862
0
0
0
0
0
0
0
0
0
0
0
0
0
0
0
0
0
0
0
0
0
0
0
0
0
0
0
0
0
0
0
0
0
0
0
0
0
0
0
0
0
0
0
0
0
0
0
0
0
0
0
0
0
0
0
0
0
11158
103288
15658
0
0
0
0
0
0
0
0
0
0
21221
0
0
0
0
0
0
0
0
0
0
0
0
151878
0
0
0
0
0
0
0
0
0
0
0
0
0
0
0
0
0
22387
0
0
0
0
0
0
0
0
0
0
14519
0
24428
0
0
0
0
0
0
0
0
0
0
0
0
0
0
0
0
0
0
0
0
0
0
0
0
0
0
0
0
0
0
0
0
74748
0
0
29086
0
0
32265
0
37366
0
0
0
0
0
0
0
0
0
0
0
0
0
0
0
0
0
0
0
0
0
0
0
0
0
0
0
0
0
0
0
0
0
0
0
0
0
0
0
0
0
0
0
62333
0
0
0
73891
0
0
0
0
0
0
0
0
0
0
22252
0
0
0
0
0
116138
0
0
0
0
0
0
626836
0
0
0
0
0
0
0
0
0
0
0
0
0
0
0
0
0
0
0
0
0
0
0
0
20884
0
0
0
0
0
0
32518
0
69688
0
0
0
0
0
0
0
0
0
61283
0
0
0
0
0
0
0
0
0
0
0
53268
0
0
27900
0
0
0
0
0
0
0
0
0
0
0
0
0
0
0
0
0
0
0
0
0
0
0
0
0
0
0
0
0
0
0
0
0
0
0
0
0
0
0
0
0
0
0
0
0
0
0
0
0
0
0
0
0
0
0
0
0
0
0
0
0
0
0
0
0
0
102936
0
0
0
0
0
0
0
0
0
0
0
0
0
0
16836
23928
0
0
0
0
0
0
0
0
0
0
0
0
0
90025
0
0
0
0
0
0
0
0
0
0
0
0
0
0
0
0
0
0
0
0
0
0
0
0
0
0
0
0
0
0
0
0
0
0
0
0
0
97002
0
0
0
0
0
40654
0
19017
0
0
0
0
0
0
0
0
0
0
0
0
9417
0
41458
0
0
0
0
0
0
0
0
0
0
118599
0
0
0
0
0
0
0
0
0
0
0
58095
0
0
0
0
0
5437
0
0
0
0
0
0
0
0
0
0
0
0
42370
0
0
0
0
0
0
0
0
0
0
0
0
0
0
0
0
102171
0
0
0
0
0
0
0
0
0
0
0
0
0
0
0
0
0
191586
0
0
0
0
0
0
0
0
0
0
0
0
0
0
0
0
0
20250
0
0
115278
0
0
0
0
72072
0
0
0
0
0
0
0
16272
0
123785
20765
0
0
0
0
0
0
0
0
0
0
0
0
0
0
27057
0
0
0
0
0
0
0
0
46414
0
0
0
0
0
0
0
0
0
0
0
0
0
22564
0
0
0
0
0
0
0
0
0
0
0
0
0
0
0
0
0
0
0
0
0
0
0
0
0
0
0
0
0
0
0
0
121953
0
0
0
0
0
13586
0
0
0
0
0
0
78060
0
0
0
0
0
0
0
0
6465
0
0
0
0
116803
0
0
0
0
0
0
0
0
0
0
0
0
0
0
0
0
0
0
0
0
0
0
0
0
0
157536
0
0
0
0
0
0
0
0
88874
0
0
0
0
16540
0
0
0
0
0
0
0
0
0
0
0
0
0
0
0
0
0
0
0
0
0
0
0
0
187371
0
0
0
0
0
0
0
0
0
0
0
0
0
0
0
0
0
0
0
0
0
0
0
0
0
0
0
0
0
0
0
0
0
0
0
0
0
12472
0
0
0
0
0
0
0
0
0
0
0
0
0
0
0
0
0
0
0
0
0
0
0
0
0
0
0
0
0
0
0
0
0
0
0
0
0
0
0
17496
0
10316
0
0
0
0
16340
0
0
0
123369
0
0
0
0
0
0
0
0
0
0
0
0
0
0
0
0
0
0
0
0
0
0
0
26332
0
0
0
0
0
0
0
0
0
0
0
0
0
0
0
0
0
0
0
0
0
0
0
0
0
0
0
0
0
0
0
0
0
0
0
0
0
0
0
0
42547
0
0
0
0
0
0
0
0
0
0
0
0
0
0
305580
0
0
0
0
0
31459
0
0
0
0
0
0
0
0
0
0
0
12630
0
0
0
25146
0
0
0
0
0
0
0
0
0
0
0
0
0
0
0
0
0
0
0
0
0
0
0
0
0
0
0
0
0
0
0
0
0
0
0
0
0
0
0
0
0
0
0
0
0
0
0
0
23968
0
81422
0
0
138891
0
0
0
0
0
0
0
0
0
0
0
0
0
0
0
0
0
59420
0
0
0
0
0
0
0
0
0
0
0
0
0
0
0
0
0
0
0
0
0
0
0
27569
0
64159
0
0
0
0
0
53940
0
0
0
0
0
0
0
0
0
0
0
0
33346
0
0
0
0
0
0
0
0
0
0
0
0
0
0
0
0
20391
0
0
0
0
0
0
0
0
0
0
20678
0
0
50424
0
0
0
21293
0
0
0
0
0
0
0
0
0
0
0
0
0
12308
0
0
0
0
0
0
0
49472
0
0
33790
0
0
0
0
0
29326
0
0
0
0
0
11661
0
0
0
0
0
0
0
0
0
0
0
0
0
0
0
0
0
0
0
0
0
0
0
0
0
0
0
0
0
0
0
0
0
0
0
0
0
0
0
0
0
0
0
0
0
0
0
0
0
0
0
0
0
0
0
0
52808
0
0
0
0
0
0
0
0
0
0
0
0
0
0
0
0
0
12778
0
0
0
33594
0
0
14105
0
0
0
0
0
0
0
0
0
0
0
0
0
0
0
0
0
0
0
0
0
0
0
15231
0
101829
13514
0
0
0
0
0
0
0
0
0
75607
0
0
53943
0
0
0
64215
0
0
0
0
0
0
0
0
0
0
0
0
0
0
0
0
0
0
0
0
0
0
0
0
0
0
0
0
0
0
0
0
0
0
0
12528
0
0
0
0
0
0
16334
0
0
0
0
0
0
0
0
0
0
0
0
0
0
0
0
0
0
0
0
0
0
0
0
0
0
0
0
0
0
0
0
0
0
0
0
0
0
0
0
20479
0
22446
0
0
0
0
0
0
0
0
0
0
0
0
0
0
0
0
0
0
0
0
0
0
0
78208
0
0
0
0
0
0
0
72882
14294
0
0
0
0
0
0
0
0
0
0
0
0
0
0
0
0
0
0
0
0
0
0
0
0
0
0
0
0
0
68504
0
0
0
0
0
21578
0
0
0
0
0
0
0
0
0
0
0
0
0
0
0
0
0
0
0
0
0
0
0
0
0
0
14080
92748
0
0
0
0
0
0
15534
0
0
0
0
0
162638
0
0
0
0
0
0
0
0
0
0
0
0
0
0
0
0
0
0
0
0
0
0
0
0
0
0
0
0
0
0
0
0
0
0
0
0
0
0
0
0
0
0
0
0
0
0
0
0
0
0
0
60984
0
0
0
0
0
0
0
0
0
0
0
0
0
19167
0
0
0
0
0
0
0
0
0
0
0
0
0
0
0
0
0
0
0
0
0
0
0
0
0
0
0
0
0
0
0
0
0
0
0
44472
23622
0
0
0
0
135824
0
0
0
0
0
0
0
0
0
0
9919
55976
0
0
38003
0
0
0
0
55271
0
0
0
0
0
0
0
0
0
0
0
0
0
12125
0
0
0
0
0
0
43918
0
0
0
0
0
0
0
0
0
0
0
0
0
0
0
0
0
0
55312
0
0
0
0
135519
40028
0
0
0
0
10366
0
0
0
0
55187
0
111568
0
0
0
0
0
0
0
0
0
0
0
0
212856
0
0
0
0
0
0
0
0
0
0
0
23262
0
0
0
0
0
0
0
0
0
0
0
0
0
0
26558
0
0
0
0
0
0
0
0
0
0
0
0
0
0
0
0
0
0
0
0
0
0
0
0
19385
0
0
0
0
0
67354
0
0
0
0
0
0
0
0
0
0
0
0
0
0
0
39407
0
0
0
0
0
0
0
58375
0
0
0
0
0
0
0
0
0
0
0
0
0
300676
0
0
0
0
97592
0
0
0
0
0
0
0
0
0
0
0
0
0
0
0
0
0
0
0
0
0
0
0
0
0
0
0
19444
0
0
2560
0
0
2848
0
0
0
0
0
0
0
0
0
0
0
0
0
83103
0
0
0
0
0
0
0
0
0
0
0
0
0
0
0
58422
0
0
0
0
0
0
0
0
0
0
0
0
0
0
0
0
0
0
6834
0
0
0
0
0
9971
0
0
0
10968
0
0
0
0
0
0
0
0
13109
0
0
0
0
0
0
0
0
258419
0
28327
0
0
92335
0
0
0
0
0
0
0
0
0
0
0
0
0
0
0
0
17398
0
0
0
0
0
0
0
0
0
0
0
0
166906
0
0
0
0
0
0
0
0
0
32672
0
0
0
0
240684
0
0
0
0
0
0
0
0
0
0
0
0
0
0
0
0
0
6715
0
138861
0
0
0
0
0
0
0
0
0
0
0
57151
0
0
0
0
35543
0
0
0
0
0
0
0
0
0
0
0
0
0
0
0
0
136103
0
15316
0
0
0
0
0
230038
0
0
0
0
0
0
0
0
0
0
0
0
0
0
0
0
0
0
0
0
0
0
0
0
0
0
0
92548
0
13501
0
0
0
0
0
0
0
0
0
0
7202
0
0
0
0
0
0
0
0
0
0
0
0
0
0
66772
0
0
0
0
0
0
0
0
0
0
6130
0
0
26926
0
0
0
0
0
0
0
0
0
0
0
0
0
0
0
0
0
8887
0
0
0
0
0
0
0
0
93412
0
0
0
0
0
0
0
0
0
35336
0
0
0
0
345095
0
0
0
0
0
0
44806
0
0
0
0
0
0
0
0
0
40523
0
0
24877
0
0
0
0
0
0
0
0
0
27661
0
0
0
0
0
18536
0
0
0
0
0
0
0
0
0
0
0
31467
0
0
0
0
0
0
388257
0
0
0
0
0
0
0
0
0
0
0
0
0
0
0
0
0
0
0
0
0
0
0
0
0
0
0
0
0
0
0
0
0
0
0
0
0
653012
0
0
119508
0
0
0
0
0
0
0
0
0
0
0
0
0
0
0
80271
0
0
0
0
0
0
0
0
8940
0
0
0
0
0
0
346884
0
0
16375
0
0
0
0
0
0
0
0
0
19734
0
0
0
0
0
0
0
0
0
30053
0
0
0
13408
0
0
22812
0
0
0
0
0
0
0
0
0
0
0
0
0
0
0
80158
0
0
0
0
0
0
0
0
0
0
0
0
0
11649
66379
0
0
0
101953
0
0
0
0
0
0
74030
11032
0
0
0
0
0
0
0
0
0
0
0
0
0
0
0
0
121634
0
0
0
0
0
0
0
0
0
0
0
0
0
0
0
0
0
0
0
0
0
0
0
0
0
220506
0
0
0
0
0
0
13920
0
12399
0
0
31569
0
0
0
0
0
0
29441
0
0
0
0
0
0
0
0
0
0
0
17198
41444
0
0
0
0
0
0
0
0
0
0
0
0
0
0
5623
0
0
0
52832
0
0
201213
0
0
0
0
0
43955
0
0
0
0
0
0
0
0
0
0
0
0
0
0
0
0
0
36953
0
0
0
0
0
0
0
0
0
0
0
0
0
0
0
0
0
0
0
0
0
0
0
0
0
34402
0
32666
0
0
0
0
0
0
0
0
0
0
0
0
0
0
0
0
0
0
39155
0
0
0
0
0
0
0
0
0
0
0
0
0
46539
0
0
0
0
0
0
0
0
0
0
0
0
0
0
0
0
0
0
0
0
0
0
0
0
0
0
0
0
0
9990
0
0
0
0
0
0
0
0
0
0
328122
0
0
0
0
0
0
0
0
0
0
0
83698
0
38485
0
0
0
0
0
0
0
0
0
0
0
127690
0
0
0
0
0
0
0
0
0
0
0
0
0
0
0
0
26108
0
74679
0
24446
0
0
0
0
0
0
0
0
0
0
0
0
0
0
0
0
0
0
0
0
0
0
0
0
0
0
13462
0
0
0
0
0
0
0
0
0
71516
10600
0
0
0
18464
0
0
0
0
0
0
0
0
0
0
0
0
0
0
0
0
0
0
0
0
0
0
0
0
0
0
0
0
0
234294
0
0
0
0
26894
0
0
0
0
0
0
0
0
0
0
0
0
0
22138
0
0
0
184051
0
0
0
0
0
0
0
0
0
0
0
0
0
0
0
0
0
0
0
0
0
0
114980
0
0
0
0
0
0
0
0
0
0
0
0
0
0
0
0
0
0
0
0
0
0
0
0
0
0
0
0
0
0
0
0
0
0
0
0
0
0
0
0
0
0
0
0
0
0
89371
114098
0
0
0
0
0
7237
0
22584
0
0
0
0
0
0
0
0
0
0
0
0
0
0
0
0
0
0
0
0
0
0
0
0
0
0
0
0
0
0
0
0
0
0
0
34932
0
0
0
0
14796
0
0
0
0
0
0
20582
0
0
0
0
0
0
7424
0
0
0
0
0
0
15074
0
0
0
0
0
0
0
0
0
0
0
0
0
0
0
0
0
0
0
0
0
0
0
0
0
0
0
0
0
20785
0
0
0
0
0
0
0
0
718900
20466
0
0
32383
0
0
0
0
0
40564
0
0
0
0
0
0
0
0
0
0
0
0
0
0
0
0
0
0
0
0
0
0
0
0
0
0
24102
50452
0
0
0
0
0
0
0
23888
0
0
0
0
0
0
0
0
0
0
0
0
0
0
0
0
0
0
0
0
0
13020
0
0
0
0
0
0
0
0
0
137994
0
0
0
0
0
0
0
0
0
0
0
0
0
0
0
0
0
0
0
0
0
0
0
0
0
0
0
0
0
0
25528
0
0
0
0
0
0
44612
0
0
21270
0
0
0
0
0
0
0
0
0
0
0
186498
0
0
0
0
0
0
0
0
0
0
0
0
0
0
0
0
0
117546
0
13212
0
0
0
0
30258
0
0
0
0
0
0
0
0
0
0
0
0
0
0
83223
54545
0
0
87224
0
0
0
0
59019
0
0
0
0
0
0
0
0
0
0
0
0
14325
0
29964
0
0
0
0
0
0
0
0
0
0
0
0
0
0
0
0
0
130702
0
8008
0
0
0
0
0
0
0
0
0
19052
63296
0
0
0
65872
0
0
1167080
54786
0
0
0
0
0
0
0
0
0
0
0
0
0
0
0
0
0
7610
0
0
9396
0
0
0
0
0
0
0
0
0
0
0
0
0
0
0
0
0
0
244000
0
0
0
0
0
0
0
0
0
0
0
0
0
0
0
0
0
0
0
116428
0
0
0
0
1242099
0
59190
0
0
0
0
0
0
241371
15892
0
0
0
46158
0
84133
0
0
0
0
0
0
43436
0
35255
0
0
0
0
0
0
7950
0
0
0
0
0
0
23679
0
0
0
0
14396
0
0
0
0
43082
0
0
44622
0
0
0
0
0
0
0
0
0
35302
0
0
0
0
0
0
0
0
0
0
0
0
0
0
0
0
0
0
0
0
0
0
0
26470
0
0
13993
0
0
221490
0
0
0
0
0
0
0
36343
6552
0
0
0
0
0
0
0
0
0
0
0
0
35191
0
0
0
0
0
0
0
0
0
0
0
0
0
0
0
0
0
0
0
0
0
0
0
0
0
0
205354
0
0
0
0
0
0
0
0
7863
0
0
0
0
0
0
0
0
0
0
0
0
0
0
19094
0
0
0
0
0
0
0
0
0
0
0
0
0
0
0
0
0
0
0
0
40858
0
0
15680
0
0
0
0
0
0
0
69495
0
0
0
0
0
0
0
0
37810
0
0
0
0
0
0
129270
0
0
0
0
0
0
11697
0
0
0
0
0
0
0
0
0
0
32199
0
17550
0
0
0
75040
0
0
18537
0
0
0
0
0
0
0
29822
0
0
0
0
12831
0
0
80969
0
0
0
0
0
0
0
0
0
0
0
0
0
0
0
0
0
47730
0
0
0
0
0
0
0
0
0
0
0
0
0
0
0
0
0
44936
0
0
0
0
0
0
0
0
0
0
0
0
0
0
0
0
0
0
0
0
0
19776
0
0
0
0
0
0
0
0
0
0
0
20205
0
0
0
0
0
0
0
70419
0
0
0
0
0
0
0
0
0
0
0
0
0
0
0
0
0
0
0
0
0
0
101286
46376
0
61347
0
0
0
0
0
40658
0
0
0
0
0
0
0
0
0
0
0
0
0
0
0
0
0
0
0
0
0
0
0
82120
0
0
0
0
0
0
0
0
0
0
0
0
0
0
0
0
0
0
0
0
0
0
0
0
0
0
0
0
0
0
0
0
16158
0
0
0
21383
0
0
0
0
0
0
0
0
0
0
0
0
0
0
0
0
0
0
0
0
0
0
0
0
0
0
0
0
42692
0
0
0
0
0
0
0
0
0
0
0
0
0
0
0
0
0
0
0
0
0
0
0
0
0
0
0
12767
0
0
33874
0
0
0
0
417214
0
0
0
0
0
0
0
0
0
0
0
0
0
0
0
0
0
0
0
0
0
0
0
0
0
0
0
0
0
0
8381
0
0
0
0
76433
0
0
0
0
0
0
0
0
0
0
0
0
0
0
0
0
0
0
29226
0
0
0
0
0
275025
15151
0
0
0
53939
0
0
0
0
0
0
0
0
0
0
0
9249
0
0
115989
0
0
0
0
0
0
0
0
0
0
0
0
0
0
83681
0
0
0
0
0
0
0
0
0
0
0
0
0
0
0
0
35858
9104
0
0
0
0
0
0
0
0
0
0
0
44426
0
0
0
0
0
0
0
0
0
0
0
0
0
0
0
0
0
47331
0
0
0
0
0
0
0
0
0
0
0
0
0
0
0
0
0
0
0
0
0
0
12562
0
0
0
161124
0
0
23309
0
0
0
0
0
0
0
0
0
0
0
0
0
0
0
0
0
0
0
0
95450
0
0
0
0
0
0
0
0
0
74169
0
0
0
0
0
0
0
0
0
0
0
0
24940
36357
0
0
0
0
0
0
0
0
81610
0
0
0
0
0
0
0
0
0
0
0
0
0
31683
10548
0
0
0
0
0
0
0
0
0
0
0
0
0
0
0
0
253454
0
0
0
0
6758
0
0
0
0
0
0
11856
0
0
0
0
0
25804
0
0
0
0
0
0
0
0
0
0
0
0
0
0
17361
0
0
0
0
0
0
0
0
0
0
0
0
0
0
0
0
0
0
0
0
5369
0
0
0
0
339044
0
0
0
0
0
0
0
0
0
0
0
0
0
0
0
0
0
0
0
40620
0
0
0
0
0
0
22761
0
0
0
0
0
0
8844
0
38358
405932
0
0
0
0
0
0
0
0
0
0
0
0
0
0
0
0
0
0
0
0
43432
0
0
0
0
0
0
0
0
0
0
0
0
0
0
0
0
0
0
0
0
70884
0
0
0
0
0
0
26416
0
0
0
0
0
0
0
0
0
0
0
0
0
0
0
0
0
454386
0
0
0
0
0
0
0
0
0
0
0
0
0
0
0
0
0
0
0
0
0
0
0
0
0
0
0
0
0
0
0
146673
0
0
0
0
0
0
0
0
0
38211
0
0
13490
0
0
78800
0
0
0
0
0
0
199798
63326
0
0
0
0
0
0
23750
0
0
0
0
0
0
0
0
0
0
0
0
0
0
0
0
0
0
0
0
0
0
0
0
0
0
0
0
0
0
0
134702
0
0
0
0
0
0
0
57561
0
0
37370
0
0
0
14806
0
0
0
0
0
0
0
0
0
36409
0
0
0
33928
0
0
0
0
0
0
0
0
0
0
0
0
0
0
44422
0
0
0
0
0
0
0
0
0
0
0
0
0
0
0
37522
0
0
0
0
0
0
0
0
121662
0
0
0
0
0
0
0
0
0
0
0
0
0
0
0
0
0
0
0
0
13616
0
0
0
0
0
0
49486
0
0
0
0
60854
0
0
0
0
0
0
0
0
0
0
0
25018
0
0
0
0
0
0
0
0
0
0
0
0
0
0
0
0
0
0
0
0
0
0
0
0
0
9143
19387
0
0
0
0
0
0
0
0
0
0
0
0
0
0
0
0
0
0
0
0
0
0
0
0
0
0
0
0
0
0
0
0
0
0
0
0
0
0
0
0
0
0
0
0
0
0
28524
36799
0
0
0
0
0
0
0
0
0
10871
0
0
22243
0
0
0
0
0
0
0
49072
0
0
0
0
0
0
0
0
0
0
0
0
0
0
0
0
0
0
0
0
0
0
0
0
0
0
0
0
125642
0
33671
8902
0
0
19704
0
0
0
0
0
0
0
0
0
0
0
0
49511
0
0
0
0
0
0
0
0
21671
9626
46776
0
0
0
0
0
0
0
0
0
0
0
242626
0
0
0
0
31284
0
0
0
0
0
0
0
399334
102996
0
0
0
0
0
0
0
0
0
0
0
0
0
0
0
0
0
0
0
0
0
0
0
0
0
0
0
0
0
51425
0
0
0
0
0
0
0
17284
0
0
0
0
0
0
0
0
0
17555
0
0
0
0
0
0
0
0
0
0
0
0
0
0
0
0
0
0
0
0
0
0
0
0
0
0
0
0
0
0
0
0
0
0
0
0
0
0
0
0
0
0
0
0
0
0
0
0
54104
0
0
0
0
0
0
0
0
0
0
0
0
0
0
0
0
120227
0
0
0
5148
0
0
0
0
0
0
0
0
0
0
0
185268
0
0
0
0
0
0
53526
0
0
0
0
0
0
0
0
0
0
0
0
0
110328
0
0
62732
0
0
0
49726
0
0
0
0
0
0
0
0
0
0
0
0
0
0
189095
0
0
0
0
0
0
0
0
0
0
0
0
0
0
0
0
0
54026
0
0
0
0
0
233844
0
0
0
0
0
0
0
0
0
17028
0
0
0
0
0
0
0
0
0
0
0
28659
0
0
0
0
0
0
0
0
0
0
0
0
0
0
18975
0
0
0
0
0
0
0
0
0
0
0
0
0
0
0
0
0
11780
0
0
0
0
0
0
0
0
0
0
0
0
0
0
0
0
0
0
0
0
0
0
0
0
0
0
0
0
12565
0
0
0
0
0
71353
0
32079
0
0
0
0
0
0
0
0
0
0
0
0
0
0
0
0
0
0
0
104608
0
37061
0
0
0
0
0
0
0
0
26553
0
54854
67300
0
0
0
0
52440
0
0
0
0
0
0
25939
0
0
0
0
0
0
0
0
0
0
0
0
0
0
0
0
0
0
0
0
0
0
0
0
0
0
0
0
0
0
0
0
0
17792
0
0
0
0
0
0
0
0
0
0
0
0
0
0
0
69902
0
0
65008
18099
0
0
0
0
0
0
0
147076
0
0
0
0
0
0
0
0
0
51238
0
0
0
0
0
0
0
0
0
0
0
0
0
3497
0
0
0
0
0
0
0
0
0
0
15451
0
0
0
0
180668
0
0
0
0
0
0
0
0
0
77112
0
0
172176
0
0
0
0
22717
0
0
0
0
0
0
0
0
24898
8631
0
0
0
0
33223
0
0
0
0
0
0
0
0
0
0
49122
0
0
0
0
0
0
0
0
0
0
0
43469
0
0
0
0
0
0
0
0
0
0
0
0
0
0
0
83188
0
0
0
0
0
0
56854
0
0
0
0
0
0
91964
0
0
0
0
0
0
0
0
0
0
49352
0
0
0
0
0
0
0
0
0
0
0
0
0
0
0
0
0
0
0
0
0
0
0
0
0
33022
0
0
0
0
0
0
0
0
0
0
0
165540
0
0
0
0
0
91834
0
0
0
0
0
66641
24567
0
0
0
0
0
0
0
0
0
0
0
0
0
0
0
0
0
22674
0
26553
0
0
0
0
0
0
0
0
0
0
0
0
0
20654
0
0
0
0
0
0
0
0
0
0
0
0
0
0
56638
0
0
0
0
0
0
40249
0
0
38090
7973
0
0
0
30785
28234
5778
0
0
0
0
0
0
0
0
0
78089
0
0
0
0
0
0
0
0
0
0
0
0
0
0
0
0
0
0
0
0
0
0
0
0
0
0
94210
0
0
0
0
0
0
0
33136
0
0
0
0
0
0
55998
0
0
0
0
0
0
0
0
0
0
0
0
0
0
0
0
0
0
0
0
0
0
0
56422
0
0
0
0
0
0
0
0
0
0
0
0
0
0
0
11235
0
0
0
0
0
0
0
0
0
0
0
0
0
51526
0
0
0
0
0
8176
90952
0
0
0
0
0
0
0
0
0
0
0
66999
0
0
0
0
0
0
0
0
0
0
0
0
0
0
0
0
100162
0
0
210346
0
0
0
0
0
0
0
0
0
0
0
0
0
0
16526
0
0
0
72370
16520
0
0
0
0
0
0
0
0
0
0
8325
0
0
0
0
0
0
0
0
0
0
0
0
0
0
0
0
0
0
16637
0
0
0
0
0
0
0
0
0
0
0
0
0
0
0
0
0
0
0
0
0
0
0
0
0
0
0
0
0
0
0
0
0
0
0
0
0
0
0
0
0
0
0
0
0
0
0
0
0
31776
0
0
103513
0
0
0
0
0
0
0
0
0
0
0
0
0
0
61229
0
0
0
67528
0
0
0
0
0
0
0
0
0
0
0
1049303
0
0
0
0
34735
0
0
0
113350
41928
0
0
0
0
117000
113334
0
0
0
192630
0
0
0
0
36250
0
0
0
698826
0
0
0
0
0
0
149291
0
181400
21552
0
0
100743
0
0
0
0
0
123527
18562
0
0
0
0
0
0
0
0
0
0
0
0
0
0
0
0
0
0
37671
0
0
0
0
0
0
0
0
0
0
0
0
0
0
0
0
0
0
0
0
0
0
0
0
0
0
0
31216
0
0
0
0
0
0
0
0
0
0
0
0
0
0
0
0
0
0
0
0
0
0
13832
218971
0
0
0
0
0
0
0
0
43487
42257
0
0
0
0
0
0
0
0
0
0
30320
0
0
0
0
0
0
0
0
0
0
0
0
0
0
0
0
41859
0
0
178062
0
0
0
0
0
0
0
41147
0
25770
0
0
0
181629
0
0
0
0
0
0
0
0
0
0
0
0
0
0
0
17643
0
0
0
0
0
0
0
0
0
0
0
18520
0
0
0
0
0
0
126784
0
0
0
0
0
0
0
0
0
0
0
0
0
0
14139
0
0
0
0
0
0
0
0
0
0
0
0
0
0
0
0
0
0
8616
0
0
0
0
0
0
0
0
0
0
54520
0
0
0
0
0
0
0
0
0
0
0
0
0
0
0
0
0
0
0
20115
0
0
0
0
0
0
0
0
0
0
0
0
0
36716
0
0
0
0
0
0
0
0
0
0
0
0
35442
0
0
0
0
0
0
0
0
0
0
0
0
0
0
0
0
0
37745
155568
0
0
0
0
0
0
19117
0
0
0
0
0
0
0
71282
0
0
142470
0
0
0
0
0
0
0
0
0
0
0
0
0
0
43629
0
0
0
0
28959
0
0
0
0
0
0
0
0
0
0
0
0
0
0
42374
0
0
0
0
0
0
0
0
0
0
0
0
0
130685
0
0
0
0
0
0
0
0
0
0
0
0
0
0
161043
0
0
0
0
0
0
0
0
0
0
0
0
0
0
0
0
0
0
0
0
0
0
0
0
0
0
0
0
0
0
0
0
0
0
0
0
13360
0
0
0
0
0
0
0
0
0
0
0
0
55167
0
0
0
0
0
0
0
0
0
0
0
0
0
0
0
0
45043
0
0
0
0
0
0
0
0
0
31414
0
0
0
0
0
0
0
0
0
0
0
0
0
0
0
0
0
0
36507
0
0
110664
0
0
0
0
14300
0
0
0
0
0
47703
50653
0
33562
0
0
0
0
0
0
0
0
0
0
0
0
0
0
0
0
0
0
0
0
0
0
17024
0
0
0
0
0
0
0
0
0
0
0
0
54785
0
0
0
0
0
0
0
0
0
0
0
0
0
0
0
0
47533
0
0
0
0
0
0
0
0
0
0
0
0
0
0
0
0
0
64397
0
0
0
0
0
0
0
0
0
0
0
0
0
0
0
0
0
0
0
0
0
0
0
0
0
54892
0
0
0
0
0
18695
0
0
0
0
0
28948
0
0
0
0
0
0
0
0
0
25106
0
0
0
0
0
0
0
0
0
0
0
0
0
0
0
0
0
0
0
0
0
0
0
0
0
0
0
0
0
142760
0
0
0
0
0
0
0
0
0
0
0
0
0
0
0
100514
0
0
0
0
0
0
0
0
0
0
0
0
0
0
0
54582
0
0
0
35133
34800
0
0
0
0
0
0
0
0
0
0
15026
0
119834
0
0
107889
0
0
0
0
0
28420
0
0
0
0
0
0
0
0
0
0
0
0
0
0
0
0
0
0
0
0
0
0
0
0
0
0
0
0
0
0
0
0
0
0
0
40798
0
0
0
0
0
0
0
0
0
0
0
0
0
0
0
0
0
0
0
0
0
0
0
0
0
0
0
0
0
0
0
0
0
0
0
16459
0
0
0
0
0
0
98767
0
0
0
0
0
0
0
0
0
0
0
0
0
0
0
0
0
47115
0
0
0
0
0
0
0
0
0
12135
63216
31326
0
0
0
0
0
0
0
0
0
0
0
0
0
0
0
0
0
0
0
0
0
0
0
0
0
0
0
30607
0
0
0
0
0
0
0
0
0
0
0
0
0
0
0
0
0
0
0
0
0
0
0
0
0
0
37986
0
25858
0
0
0
50230
0
0
0
0
0
0
0
0
0
97206
0
0
0
0
0
0
0
0
0
0
0
0
0
18670
0
0
0
0
0
0
0
0
0
0
31656
0
12815
0
0
0
0
0
0
0
0
0
0
0
0
0
189828
0
0
0
0
0
0
0
0
0
0
0
0
0
0
0
0
0
0
0
0
0
0
0
0
0
0
0
0
0
22564
0
0
0
0
28870
0
0
0
0
0
0
0
0
19146
0
0
0
0
0
0
0
0
0
0
0
0
0
0
0
0
0
83446
0
360090
0
0
0
0
0
0
0
0
0
0
0
0
0
0
0
0
0
0
0
0
0
0
0
0
0
0
0
0
0
0
0
0
0
0
0
0
0
0
69997
0
0
0
0
0
0
0
0
0
0
0
0
0
84276
0
0
0
0
0
81221
38262
0
0
42541
0
0
0
0
0
0
0
10944
0
0
0
0
0
0
76792
0
0
0
7463
0
0
0
0
0
0
0
0
0
0
0
0
0
0
0
26065
24665
0
0
0
0
0
0
0
0
0
0
0
0
0
0
0
0
0
0
0
0
0
0
0
0
0
0
0
0
0
0
0
0
0
0
0
0
0
119467
0
0
0
0
0
0
68281
0
16176
0
0
58558
0
0
0
0
0
0
0
0
16509
0
0
0
0
0
0
0
0
0
0
17152
0
0
0
15329
0
0
0
0
0
0
0
0
0
0
0
0
0
0
0
0
0
0
0
0
0
0
0
0
0
0
0
0
0
0
0
0
0
0
0
0
43799
0
0
145851
0
0
0
0
0
0
0
0
0
0
24210
0
0
0
0
0
0
0
0
0
0
0
0
0
0
0
0
0
0
0
78552
0
0
0
0
0
207206
8564
0
0
0
0
0
0
0
0
0
0
0
0
0
0
0
0
18553
24098
148022
0
0
0
0
0
0
55474
0
0
0
183423
0
0
0
0
0
28944
0
0
0
0
0
0
0
0
21891
0
0
0
132719
0
0
0
0
86451
0
0
0
0
0
0
0
0
58983
0
0
12934
0
0
24052
0
0
20226
0
0
0
0
0
0
0
5990
0
0
0
0
123726
0
0
0
0
0
0
0
0
0
0
0
0
0
0
0
0
0
0
0
0
0
0
0
224016
0
0
0
0
0
0
0
16562
0
0
0
0
268496
0
0
0
0
0
0
32248
0
0
0
0
0
0
0
0
0
0
0
0
46044
0
0
0
0
0
0
0
4561
0
0
0
0
0
0
0
0
86894
0
0
0
0
13424
0
0
0
0
0
0
0
142399
0
0
0
0
0
0
0
0
0
0
10859
0
38429
0
16297
0
0
0
0
0
0
0
0
0
0
0
0
0
0
0
0
72128
0
0
0
0
0
0
0
0
0
0
0
0
0
0
0
0
0
0
0
0
0
0
0
0
0
0
0
0
0
0
0
280044
0
0
0
0
0
0
349484
0
0
0
0
0
0
0
0
0
0
0
0
0
0
0
0
0
0
0
0
0
0
0
0
0
0
0
0
0
0
0
0
0
0
0
18777
11715
36650
59830
0
0
0
0
0
0
0
0
0
0
0
0
0
13083
0
0
0
0
0
0
0
0
0
0
0
0
0
0
0
0
0
22432
0
87286
0
0
0
0
0
0
0
0
0
0
0
173331
0
0
0
0
0
0
0
0
0
0
0
0
0
0
0
0
0
0
0
0
0
0
67909
0
0
0
0
0
0
95303
0
81624
0
0
47892
0
0
0
0
0
0
0
0
0
103236
0
0
0
0
0
0
0
0
0
0
0
0
0
0
0
0
0
42149
0
0
0
0
0
0
0
221384
0
0
0
0
0
0
0
0
0
0
0
0
0
0
0
0
194894
0
0
0
0
0
0
0
39272
0
0
0
0
0
0
0
0
0
0
0
0
0
0
0
8760
0
0
0
27816
9738
0
0
0
0
0
0
0
47212
0
0
13323
0
0
0
0
0
0
0
0
0
0
0
0
0
0
0
0
0
0
0
0
0
0
71194
0
0
0
0
0
0
52686
0
0
0
0
0
0
0
0
0
0
0
0
0
0
0
0
0
0
0
0
0
0
0
0
0
0
0
0
0
0
0
0
0
0
0
0
63207
0
32720
0
0
0
116547
0
0
0
0
18825
0
0
0
0
0
0
0
0
0
0
0
171735
105718
0
0
0
0
0
0
0
54023
0
55025
0
0
0
0
0
0
0
0
0
0
0
0
0
0
0
0
0
0
0
0
0
0
0
0
0
0
0
0
0
0
0
0
0
0
0
0
0
64502
0
0
0
0
0
0
0
0
0
0
0
0
0
0
0
0
0
0
0
0
0
0
0
0
0
0
0
0
0
0
112417
0
0
0
0
0
0
0
0
23375
0
32466
0
0
0
0
0
0
0
0
0
0
0
0
0
0
0
0
0
0
0
0
0
0
0
0
0
0
0
0
0
0
0
0
0
0
64911
8916
71007
0
0
0
0
0
0
0
0
0
0
0
0
0
32016
0
172860
0
0
12177
0
0
0
0
0
0
0
0
0
0
0
0
0
0
50616
0
0
0
0
0
0
0
0
14481
0
0
0
0
0
0
0
0
77054
0
0
0
0
0
0
0
0
0
0
48279
0
0
0
0
0
0
0
0
0
0
0
0
0
0
0
0
0
0
22059
0
72068
0
0
0
0
0
0
0
0
0
0
115188
0
0
0
0
0
0
0
45009
0
0
0
11351
0
0
158627
0
0
0
0
0
0
0
0
0
0
13018
4088
0
0
0
0
0
0
0
0
0
0
0
0
0
0
0
0
0
0
0
0
0
0
0
0
0
0
0
0
0
0
0
0
0
0
0
0
0
0
27077
0
0
0
0
23200
0
0
0
0
0
0
0
0
37745
0
0
54149
0
0
0
38212
0
0
0
0
0
396072
0
0
0
0
0
0
0
0
223602
0
0
0
0
0
16891
0
0
0
0
0
0
0
0
14040
0
0
0
0
80487
0
0
0
4424
0
0
0
0
0
0
0
0
0
0
0
0
0
0
0
0
0
0
0
0
0
0
0
0
0
0
0
0
0
0
0
0
13019
0
0
0
0
0
0
0
0
39981
0
0
0
0
0
0
0
0
0
0
0
0
0
0
0
0
0
0
0
0
0
0
0
0
0
0
36130
0
0
0
0
0
0
15743
0
0
0
0
0
0
0
0
0
0
0
0
0
0
0
0
0
0
0
0
0
0
0
0
0
0
0
0
0
0
11990
0
0
0
33318
0
0
0
0
0
0
0
0
0
0
0
0
0
0
0
0
0
0
0
0
35290
0
0
0
0
0
0
0
0
0
0
0
0
0
0
0
0
0
0
0
0
0
0
0
0
0
0
0
0
0
0
0
0
0
0
0
0
0
0
0
0
0
0
0
0
0
24097
223308
0
0
0
0
0
47649
0
0
88120
0
0
0
0
0
0
0
19744
0
0
0
107166
0
0
0
0
0
0
0
0
0
0
0
0
0
0
0
0
0
97434
0
0
0
0
0
0
0
0
0
0
0
0
0
0
235072
0
0
0
0
32716
0
0
0
0
0
0
0
0
0
0
0
0
0
0
0
41554
0
0
0
0
0
0
0
0
631092
0
27824
0
0
0
32476
0
0
0
0
30927
0
43430
0
0
0
0
0
0
0
0
0
0
0
0
0
0
0
0
0
0
0
0
0
0
0
0
0
0
0
0
0
0
0
0
0
0
0
0
0
0
0
0
0
310449
0
0
0
0
0
0
0
0
0
0
0
0
0
0
0
0
0
0
0
0
0
0
0
0
0
0
0
0
0
0
0
0
0
0
0
0
0
0
0
0
0
0
0
0
0
0
0
0
0
0
0
0
0
0
0
0
0
0
0
0
0
0
0
0
0
0
0
0
0
0
0
0
0
0
0
0
0
0
0
0
0
0
0
0
0
11784
0
0
214546
0
0
0
0
0
0
0
0
0
0
0
0
5575
0
0
0
0
0
0
0
0
0
0
0
0
23104
0
0
0
0
0
0
0
0
0
0
0
0
0
0
0
0
0
0
0
0
0
0
0
0
0
0
0
0
0
0
0
0
0
0
0
66192
0
0
0
0
0
0
0
0
0
0
0
0
0
0
0
0
0
0
155456
0
0
0
0
59981
0
0
0
0
0
0
0
0
87650
0
0
0
0
0
0
0
50950
0
0
0
0
0
0
0
0
0
0
0
0
0
0
0
0
0
106067
0
0
169164
0
0
0
0
0
0
0
0
0
0
0
0
0
0
0
0
0
0
0
0
0
0
0
0
0
0
0
0
0
0
0
0
0
0
0
0
0
0
0
0
0
0
0
20949
0
23828
0
0
0
0
0
0
0
0
0
0
0
0
0
0
0
0
0
341529
42116
0
0
0
0
0
0
0
0
0
0
0
0
0
0
93432
0
0
0
0
0
0
0
0
0
0
0
0
4988
0
0
0
22943
0
0
0
0
0
0
0
0
79989
0
0
0
0
0
0
0
0
0
0
0
0
0
0
0
0
0
0
0
0
0
0
0
0
0
0
0
0
0
0
21718
0
143316
0
0
0
0
0
0
0
0
0
0
0
0
0
0
0
0
0
0
0
0
0
0
0
0
0
0
0
21948
0
0
0
0
0
0
19878
0
0
0
0
0
0
0
0
0
0
0
0
0
0
0
0
33337
0
0
0
0
0
95314
0
0
0
0
0
0
0
0
0
0
28216
0
0
0
0
0
23023
0
0
0
90642
0
0
0
0
0
0
0
0
0
0
0
0
0
0
0
0
0
0
0
0
0
0
0
0
0
0
0
122800
0
25394
0
0
0
0
0
0
0
0
0
0
0
0
0
0
0
0
0
0
0
0
0
0
0
0
57766
58705
0
0
0
0
0
0
0
0
0
0
0
0
0
0
0
0
0
0
0
37120
0
0
0
79508
0
0
0
0
0
0
0
0
20469
0
0
0
0
0
0
0
0
0
0
0
0
0
0
0
0
0
0
0
0
0
0
0
0
0
0
0
0
0
0
405404
0
0
0
0
0
0
0
0
0
0
0
0
65359
0
98940
0
0
0
0
0
0
0
0
0
29906
0
0
0
0
0
0
0
0
0
0
0
0
108771
0
546554
0
0
0
0
15896
0
0
0
0
9852
0
0
0
0
0
0
50080
0
0
0
0
0
0
0
0
0
0
169260
43694
55612
0
23750
203610
0
0
0
0
0
0
0
0
0
0
0
0
0
0
0
0
0
0
0
0
0
0
0
0
0
0
0
0
10867
0
0
0
0
0
0
99502
0
0
0
0
0
0
0
0
0
0
0
28475
0
0
0
0
0
0
201600
0
0
0
0
0
0
0
0
0
0
91216
0
0
0
0
0
0
0
0
0
0
0
0
0
0
98670
0
16085
0
0
113296
0
0
0
0
0
0
0
0
0
0
0
0
0
0
0
0
0
0
0
0
0
0
0
32314
0
0
0
0
0
0
0
0
0
0
0
0
0
0
0
0
0
0
0
0
0
0
0
0
0
0
0
0
0
0
0
0
16446
0
0
0
0
0
0
0
0
0
0
0
0
0
0
0
0
0
30894
0
0
0
0
0
0
0
0
0
0
0
0
0
0
0
0
0
6076
0
0
0
0
0
0
0
0
0
10367
0
0
0
0
0
0
0
0
0
0
0
0
0
0
0
0
0
0
0
0
0
0
0
0
0
0
0
0
0
0
0
0
0
0
0
82322
64484
0
0
0
0
0
0
0
0
0
0
0
0
0
0
0
0
0
0
0
11743
0
14703
0
0
0
47032
0
0
0
0
0
0
0
0
0
0
0
0
0
0
0
0
0
0
0
0
0
0
0
0
0
0
0
0
0
0
0
0
0
0
0
0
0
0
0
0
0
0
0
64556
0
0
0
31169
0
0
0
63641
52672
0
0
0
0
0
0
0
36050
0
0
11631
18010
0
0
60934
0
0
0
0
0
0
0
0
0
222502
0
172231
0
0
195079
0
0
0
0
0
0
0
0
0
0
33780
151596
0
0
0
0
0
0
0
0
0
0
0
0
0
0
0
0
0
0
585155
0
0
0
0
0
0
0
0
0
0
0
28114
0
0
14014
0
0
0
0
0
0
0
0
148450
0
0
0
46582
0
6725
70855
0
0
0
264050
0
0
0
0
0
0
0
0
0
0
0
0
0
0
0
0
0
0
0
26045
0
0
0
0
0
0
0
0
0
0
0
0
0
0
0
0
0
25184
0
0
0
0
0
0
0
0
0
0
0
0
0
0
0
0
0
0
0
0
0
0
0
0
0
0
0
149126
0
0
0
0
0
0
0
0
0
0
0
0
92545
0
207578
0
0
0
0
0
0
0
0
0
123056
0
0
0
0
0
0
0
0
0
0
0
0
0
0
0
0
30719
0
0
0
0
0
0
0
0
0
0
0
0
0
0
36868
0
26124
0
0
0
0
0
0
0
0
0
0
0
0
0
0
56937
0
0
0
0
0
0
0
0
0
0
0
0
0
0
0
0
0
0
0
0
0
0
0
0
0
0
0
0
0
0
0
0
0
0
0
0
0
44534
0
0
0
41739
0
196858
0
0
0
0
0
0
0
0
105534
0
0
0
0
0
0
284226
0
0
0
0
0
0
0
67427
0
0
0
0
0
0
0
0
0
0
0
0
0
0
0
0
0
0
0
0
0
51303
0
0
0
0
0
0
0
0
0
0
0
0
0
0
0
0
0
0
0
0
10660
65116
0
0
0
0
0
0
0
0
0
120985
0
0
0
0
0
0
0
0
0
0
0
0
0
0
23705
0
0
0
12583
0
43960
0
0
0
0
0
0
0
0
77034
0
144563
0
0
0
0
0
0
0
0
0
0
0
0
0
0
0
0
0
0
0
0
0
0
0
0
0
0
0
0
0
0
0
0
0
0
0
0
0
0
0
0
0
0
0
0
0
0
0
106325
0
0
0
0
0
0
0
0
0
0
0
0
0
0
0
0
0
0
0
0
0
0
0
0
0
0
0
0
0
0
0
0
0
0
11001
0
0
0
0
13316
0
0
0
0
0
0
0
0
0
59905
0
0
0
0
0
0
0
10966
0
0
0
0
0
0
0
0
0
28694
60988
41909
0
0
0
0
0
0
0
16795
0
0
0
0
0
0
0
0
0
0
0
0
0
0
0
0
0
0
0
0
0
0
0
0
214200
0
0
0
0
0
0
0
31677
0
0
0
0
0
0
0
0
0
0
0
0
249663
0
0
0
0
0
44375
0
0
0
40683
0
0
0
0
0
0
0
0
0
0
0
0
0
72383
0
0
0
0
0
0
0
0
0
0
0
0
0
0
0
0
0
0
0
259220
0
0
0
0
14814
19139
0
0
0
0
0
0
0
0
0
0
0
0
0
0
63302
0
0
0
25181
0
0
0
0
0
0
0
0
0
0
0
0
0
0
0
0
0
0
0
0
0
0
0
0
0
0
0
0
0
0
0
0
0
0
0
0
0
0
0
0
0
0
0
0
0
0
5234
0
0
0
0
0
0
0
0
0
0
0
0
68638
0
0
0
0
0
0
0
0
0
0
0
0
0
0
0
0
71212
0
0
0
0
0
0
0
0
0
0
0
0
0
0
0
0
0
0
12073
0
0
0
0
0
0
0
0
32290
0
0
0
0
0
0
0
0
16486
0
0
0
0
0
0
0
0
13141
0
0
0
0
0
25279
0
0
0
0
0
8268
0
0
0
0
12953
0
0
0
0
0
0
0
0
0
0
0
0
0
0
0
0
0
0
0
0
0
0
0
46854
0
0
0
0
0
0
0
0
0
0
0
0
0
0
0
0
0
0
0
0
0
0
0
0
0
0
0
0
0
0
29934
279018
0
20642
0
0
0
0
0
87195
146268
0
0
0
0
0
0
0
13414
0
0
0
0
0
0
0
54032
0
0
5553
0
0
0
0
62514
0
0
0
0
0
0
0
0
0
27009
0
0
0
0
0
0
0
0
0
0
0
0
0
0
0
0
0
0
0
293884
0
0
0
0
0
0
0
13292
0
0
0
0
0
0
40086
0
0
0
0
0
0
0
31377
0
0
0
0
0
0
0
0
0
0
13622
0
0
0
0
0
0
48496
0
0
0
0
0
0
0
0
29463
0
0
0
0
0
0
0
0
0
28585
0
0
0
0
0
86130
0
0
0
0
0
0
0
0
0
0
0
0
0
0
0
0
0
0
0
0
0
0
0
0
0
0
0
40910
0
0
0
0
0
0
0
0
0
0
0
0
0
0
0
0
0
0
0
0
0
7363
0
44036
0
0
0
0
0
0
0
0
0
0
0
0
0
0
0
0
0
0
0
0
0
0
0
0
0
0
0
0
0
0
0
0
0
0
0
68574
0
0
0
0
0
0
0
0
0
0
0
0
0
62954
0
0
0
0
0
0
0
0
0
0
47543
0
0
0
0
232526
0
0
0
0
0
0
0
0
0
0
0
0
0
0
0
0
0
0
0
0
137098
0
0
0
0
0
10854
13235
0
0
55228
0
0
0
0
0
0
0
0
0
0
0
0
0
93228
0
0
0
0
0
0
0
0
20648
0
57702
0
0
0
0
0
0
0
0
0
0
41385
0
0
0
0
0
0
0
0
0
70035
0
52910
804374
0
0
0
0
0
0
0
0
33938
0
0
0
0
0
22350
0
0
0
0
0
0
0
0
19464
0
0
0
0
0
0
0
0
0
0
0
0
0
0
0
0
0
0
0
0
0
0
0
0
0
25874
0
0
0
0
0
0
0
0
0
0
0
0
0
0
0
0
0
0
0
0
0
0
0
0
0
0
0
0
0
0
10024
0
0
0
0
0
26996
0
0
0
28352
0
0
0
17376
0
0
0
0
0
0
0
12952
0
0
0
0
0
0
0
0
0
0
0
0
0
0
0
0
0
0
0
0
0
0
0
24208
0
0
0
0
0
0
11150
0
0
0
0
0
106274
0
78764
4890
0
0
0
0
4867
0
0
0
0
0
0
0
0
0
0
0
0
0
352547
0
0
0
0
0
11879
0
0
60476
0
0
0
29629
0
0
0
101135
0
0
0
0
44664
19692
0
0
0
0
0
0
0
0
0
0
0
0
0
0
0
0
0
0
0
0
0
0
0
0
0
0
0
0
0
103744
0
0
0
93302
0
0
0
0
0
0
0
0
0
0
0
0
0
0
73006
0
0
0
0
0
0
36354
0
0
0
0
0
0
0
0
0
0
0
0
0
0
0
0
0
0
0
194403
0
0
0
114630
0
0
0
0
0
0
0
0
0
53424
0
0
0
0
0
0
0
83378
0
0
82692
0
0
0
0
0
0
0
0
0
0
0
0
0
0
0
0
0
0
0
0
0
0
0
0
0
0
0
0
0
0
0
0
0
0
27286
0
0
0
0
0
0
0
0
0
0
0
0
0
0
0
0
0
0
0
0
0
0
0
0
0
0
0
0
0
0
0
0
0
0
0
0
0
0
0
0
0
0
0
0
0
0
0
0
0
0
0
0
0
0
0
0
131781
0
113209
151027
0
0
0
0
0
0
0
0
0
0
0
0
0
0
0
11618
0
0
0
0
0
0
0
0
0
0
0
0
0
0
45801
0
0
0
0
0
0
0
0
0
0
0
0
0
0
0
0
0
0
0
0
85576
0
0
17995
0
0
0
75494
0
0
0
0
0
0
0
198138
0
0
0
0
0
0
0
0
78452
0
0
0
0
0
0
0
0
0
0
31340
0
0
0
0
0
0
0
0
0
0
0
0
0
0
0
0
0
0
0
0
0
0
0
0
0
322782
0
0
16714
14171
200427
0
0
0
0
0
0
0
0
0
0
0
0
0
0
0
0
0
0
0
0
10222
0
0
56390
0
0
0
0
0
0
0
0
0
0
0
0
0
36142
0
0
0
0
0
0
0
0
0
0
0
0
0
0
210158
0
0
0
0
0
0
0
0
0
0
0
36744
0
0
297494
0
0
0
0
0
0
0
0
0
0
0
0
0
0
203133
0
0
0
0
0
0
0
0
0
0
0
0
0
0
0
29824
0
0
0
0
0
0
0
0
0
0
12555
0
0
0
0
0
0
0
0
0
0
0
0
0
0
0
0
0
0
0
0
0
0
0
0
0
11898
0
0
0
0
0
0
0
0
0
0
0
0
38303
0
0
0
40212
0
0
0
0
0
0
0
0
0
0
0
62957
0
0
0
0
0
16279
0
0
0
0
0
0
0
0
0
0
0
0
0
0
0
0
0
0
0
0
0
0
0
0
0
0
0
0
6212
35637
0
0
0
0
0
0
0
0
0
0
0
0
0
0
0
0
0
0
0
0
0
0
0
0
0
0
0
0
0
0
0
0
0
0
10811
0
0
0
0
0
0
46206
0
0
0
0
0
0
0
0
0
0
0
0
0
0
0
0
14456
0
0
0
40402
0
0
0
0
0
17097
0
0
0
0
0
0
0
0
126276
0
0
0
0
0
0
0
0
0
0
0
0
0
0
0
0
0
0
0
0
0
0
0
0
0
0
0
0
0
0
0
0
53636
0
0
0
0
0
0
0
0
0
0
0
0
0
20154
0
0
0
0
39371
0
0
0
0
0
0
0
0
0
0
0
0
0
0
0
0
0
0
0
0
0
0
0
161821
0
0
0
0
0
0
0
0
363902
0
0
0
0
0
0
0
0
0
0
0
0
0
0
42543
0
0
0
0
0
0
0
0
0
0
0
0
0
0
0
0
0
0
0
0
38428
0
0
0
0
0
0
0
58910
0
0
0
0
0
0
0
0
0
0
0
44730
0
0
0
0
0
0
0
0
0
0
0
0
0
0
0
0
0
0
0
0
0
0
0
0
0
0
0
0
0
0
0
0
12795
0
0
0
0
0
0
0
0
0
0
0
0
0
0
0
0
0
0
0
0
0
0
0
0
0
434192
0
0
0
0
0
0
0
0
0
0
0
0
0
0
0
0
0
0
0
0
0
0
0
34203
0
0
0
0
0
108745
0
0
0
0
0
0
16692
0
0
0
0
0
0
11538
0
0
0
0
0
0
0
0
0
0
0
0
0
0
0
0
0
0
0
0
0
0
0
0
0
0
0
0
0
0
16926
0
12106
16818
0
0
0
0
0
0
0
0
0
0
0
66897
0
0
0
0
0
0
0
0
0
0
0
0
0
0
0
0
0
0
0
0
0
33543
16138
16534
0
0
0
0
4972
0
0
0
0
0
0
0
0
0
0
0
0
0
0
0
0
0
0
0
0
0
0
0
0
0
0
0
0
0
0
0
0
0
0
0
0
0
0
11629
0
0
0
0
740223
0
0
0
0
0
15946
0
0
0
0
0
0
0
0
0
0
98142
0
0
0
0
0
0
0
0
0
0
0
0
0
0
0
0
0
0
0
0
0
0
0
0
0
0
0
0
0
0
0
0
0
0
0
0
0
0
0
0
0
14718
0
0
0
0
0
0
0
0
0
0
38681
37977
0
0
0
0
0
0
47281
41810
0
0
0
0
0
14194
0
72385
0
34456
0
0
63732
0
0
0
0
0
0
0
0
0
0
0
0
0
0
0
0
0
0
0
0
0
0
0
0
0
0
0
0
0
69656
0
69231
0
0
0
0
0
0
0
0
0
76814
0
0
0
0
82174
0
22357
0
0
0
0
0
0
0
0
0
0
0
0
0
0
0
0
0
0
0
0
0
0
0
0
0
0
8994
0
0
0
0
0
0
0
0
0
22941
0
0
0
0
0
43909
0
0
0
0
0
0
0
0
0
0
0
0
0
0
0
0
58556
0
0
0
0
0
0
92844
0
0
0
0
0
0
0
0
0
0
0
0
0
0
0
0
0
0
0
0
0
0
0
0
0
0
0
0
0
0
0
0
0
0
0
0
0
0
0
0
0
0
0
0
0
0
21658
0
0
0
0
0
0
0
0
0
0
0
0
0
0
0
0
0
0
0
0
0
0
0
0
19832
0
0
0
0
0
0
0
0
0
0
6193
0
0
0
0
47189
0
0
0
0
0
0
0
0
0
0
0
0
0
0
0
0
0
20114
0
0
0
0
0
0
0
24578
0
0
64234
0
0
0
0
0
0
0
0
0
0
0
0
0
0
0
0
0
0
0
0
22400
0
0
0
0
0
0
0
0
0
0
0
0
0
0
0
0
0
0
0
0
10711
0
0
0
0
0
0
0
0
0
0
0
0
0
0
0
0
0
0
0
0
0
0
0
0
0
0
0
0
0
11306
0
0
0
0
0
0
0
0
0
170344
0
0
0
0
0
0
0
0
0
0
0
0
0
0
17716
0
0
0
0
0
38821
0
0
0
4453
0
0
0
14213
0
0
0
0
0
0
0
0
0
0
0
0
0
117357
0
0
0
0
0
0
0
0
0
0
0
143280
0
0
0
0
0
30309
0
0
0
0
0
0
0
0
0
14590
0
0
0
0
0
0
0
0
0
0
0
0
0
0
0
0
0
61843
0
0
0
0
0
0
0
0
0
0
0
0
0
0
25413
92094
0
0
0
0
0
0
0
0
0
0
68674
0
0
0
0
0
0
0
0
0
0
0
0
76015
0
0
0
0
0
0
0
0
0
0
0
0
0
0
0
0
0
0
0
0
0
0
0
0
0
0
0
0
0
0
0
0
0
0
0
0
0
0
0
0
0
0
0
0
0
0
0
201062
0
0
0
0
0
0
0
0
0
0
0
0
0
0
0
0
0
0
0
0
30390
0
0
0
0
0
0
0
0
0
0
0
0
159957
0
0
0
0
0
0
0
0
65423
0
0
0
0
0
0
0
51366
0
0
44918
0
0
0
0
0
0
0
0
0
0
0
0
0
0
0
0
0
0
0
0
0
0
0
0
0
0
15430
0
0
0
0
0
0
0
0
0
0
0
0
0
0
0
0
0
0
0
0
0
0
0
0
0
0
0
0
0
0
0
0
0
0
0
0
196164
0
0
0
0
0
0
0
0
0
0
0
63887
0
0
0
0
0
0
0
0
0
0
0
0
0
0
0
0
0
89281
0
1476843
0
0
0
0
0
0
0
7651530
0
0
0
0
0
79174
0
46048
0
0
0
0
0
0
0
0
0
0
0
0
0
0
0
0
0
48556
0
218140
0
0
0
0
0
0
0
0
0
0
0
0
0
0
676413
0
0
0
0
0
0
0
0
0
0
0
0
0
0
0
0
0
0
0
0
0
0
0
0
0
0
0
0
0
0
0
0
0
0
0
0
0
0
0
0
0
0
0
0
0
0
0
0
0
0
0
0
0
0
0
0
26227
0
0
0
0
0
0
0
0
0
56142
0
0
0
0
0
0
0
36216
12239
0
0
0
0
0
0
0
0
0
274142
0
0
0
0
0
0
0
0
0
0
0
0
0
0
0
0
0
0
0
0
53165
0
0
0
0
0
0
40560
0
25956
0
0
0
0
0
0
0
0
0
0
0
168470
0
0
0
0
0
0
0
0
0
0
0
0
0
0
0
0
0
0
0
0
0
0
0
0
0
0
0
0
0
0
52544
0
0
0
0
0
0
0
0
0
0
0
0
0
0
91027
0
0
0
0
0
0
92778
101970
0
0
0
0
0
0
0
0
0
0
0
11075
0
0
0
0
65384
0
0
0
0
0
0
0
0
0
19786
0
50227
0
0
0
0
0
0
35676
0
0
0
0
0
0
0
0
0
0
0
0
0
0
0
0
0
0
0
0
0
0
92850
0
0
0
0
0
0
0
0
0
0
0
0
0
0
0
0
0
0
0
0
0
0
0
0
0
0
0
0
0
0
0
0
0
0
0
0
0
0
0
0
0
0
0
0
0
21420
0
0
0
0
98346
0
0
19269
0
0
35567
0
0
0
0
60364
0
0
0
0
0
0
0
0
0
0
0
0
0
0
0
282422
0
0
0
0
0
0
10551
0
42652
0
0
0
0
0
0
0
0
0
0
0
0
0
0
0
0
0
0
0
0
0
0
59835
521425
0
0
0
0
36240
0
0
0
0
0
0
0
0
140808
0
87474
0
12553
0
0
0
0
109813
0
0
0
0
0
0
0
0
0
0
0
0
0
423194
38752
0
0
0
0
0
0
0
0
0
0
0
0
0
0
0
0
0
0
91034
0
0
38773
0
0
0
15595
0
0
0
0
0
0
0
0
49069
0
0
0
259749
0
0
0
0
0
0
0
0
0
5422
0
0
26444
0
0
0
0
0
0
0
0
0
0
0
0
0
0
0
0
0
0
0
0
0
0
0
0
0
0
0
0
0
0
0
0
0
0
0
0
0
0
0
0
0
0
0
0
75082
54875
0
0
0
0
0
0
0
0
0
0
0
0
0
0
0
0
10307
0
0
0
0
0
0
0
0
0
0
294588
0
0
0
0
0
0
68122
0
0
0
18747
0
0
0
0
0
15073
0
0
0
0
0
0
0
0
0
0
0
0
0
0
0
0
0
0
0
0
0
0
0
0
0
29865
0
0
0
0
0
22955
0
0
0
0
0
0
0
0
0
0
0
0
13557
0
72266
0
0
0
0
0
0
50250
0
0
0
0
24289
0
30055
43943
0
0
0
0
0
0
0
0
0
45490
0
0
0
0
0
0
0
0
0
0
0
0
0
0
0
0
0
0
0
0
0
0
0
0
0
0
11744
0
0
0
0
50574
30353
9645
0
0
0
0
0
0
0
0
0
0
0
0
0
0
0
83083
0
0
0
0
0
0
40701
0
0
0
0
0
0
0
0
0
0
54666
0
0
0
0
0
0
0
0
0
0
0
0
24250
0
0
0
0
0
0
0
0
0
0
0
0
0
0
0
0
0
0
0
0
0
0
12125
0
0
0
0
0
0
0
0
0
0
0
0
0
0
0
57145
0
0
0
0
0
0
0
0
0
0
0
0
0
0
0
0
0
0
0
0
0
73149
0
0
0
0
0
0
0
0
0
0
0
0
0
62324
0
0
0
0
0
1313127
0
0
0
0
0
0
0
0
0
41819
0
0
0
189034
0
0
37564
0
0
0
0
0
0
34934
0
0
0
0
0
0
0
0
0
0
68300
0
0
0
0
59564
0
0
0
0
0
0
0
0
0
0
0
0
0
0
0
0
0
0
0
0
7232
0
44502
0
0
0
0
0
0
0
0
0
11075
0
0
0
0
0
0
0
0
0
0
28536
0
0
0
0
0
0
0
0
0
0
0
0
0
0
120598
0
0
0
0
142889
0
0
0
0
0
0
0
0
0
0
0
35856
0
0
0
0
0
0
0
0
0
0
0
0
0
0
0
0
0
0
0
0
0
0
0
0
0
0
0
0
0
0
0
0
0
0
0
0
0
0
0
0
0
0
0
0
0
0
0
0
0
0
0
0
0
0
0
0
0
0
0
0
0
0
0
0
0
0
0
0
0
0
0
0
0
7154
0
0
0
0
0
8137
0
0
0
0
0
0
0
5700
0
0
0
0
0
0
0
0
0
0
0
0
0
0
0
0
0
0
0
0
0
0
0
0
0
105374
0
0
0
0
0
0
0
0
0
0
0
0
0
0
0
0
0
0
0
0
0
0
0
0
0
38928
0
0
12694
0
37480
0
0
0
0
0
0
0
0
0
0
78925
0
0
0
0
0
347840
0
56823
0
0
0
0
0
0
0
0
0
0
0
13944
0
16151
0
0
0
0
0
0
0
0
0
0
0
0
0
0
0
0
0
0
13735
0
0
36411
0
0
0
0
0
0
0
0
0
0
0
0
0
0
0
0
0
0
0
0
0
0
0
0
0
0
0
0
0
25188
17417
0
133583
0
0
0
0
0
0
0
50723
0
611409
3634
0
0
0
0
0
0
0
0
0
0
0
0
0
0
0
0
0
0
0
0
30108
0
75862
0
20406
0
0
0
0
0
0
0
0
0
0
0
0
0
43439
0
0
0
0
0
0
0
0
42151
0
0
0
0
0
0
0
0
0
0
0
0
0
0
0
0
0
0
0
0
0
0
0
0
0
0
0
0
0
0
0
0
0
0
0
0
335065
0
33870
0
0
0
0
0
0
0
0
0
0
0
0
0
0
0
0
0
0
0
0
0
0
0
0
49549
0
0
0
7852
0
0
0
0
0
0
0
0
0
20740
0
41072
0
0
0
0
0
0
0
0
0
0
0
0
0
0
0
0
0
0
0
0
0
0
0
0
0
0
0
0
0
0
0
0
0
0
0
0
0
0
0
0
0
0
0
0
0
0
68000
0
0
0
0
0
0
0
0
0
0
171793
0
0
0
0
0
0
0
0
0
0
0
0
0
0
0
0
0
32576
0
0
0
0
0
0
12910
0
0
0
0
0
0
0
0
0
0
0
0
0
0
0
0
0
0
0
0
21873
0
0
0
0
0
0
0
0
0
0
0
0
0
0
0
0
0
0
0
0
0
0
0
0
0
0
0
0
0
0
26282
0
0
0
0
0
0
0
0
0
8591
0
0
0
0
0
0
0
0
5620
0
0
43280
0
0
0
0
0
143754
0
15745
0
0
0
0
0
0
0
0
29494
0
0
0
0
0
0
0
0
0
0
0
0
0
0
0
103406
9187
0
0
0
0
0
0
0
0
0
0
0
0
0
0
0
0
0
0
0
0
0
0
0
0
0
0
0
0
0
0
0
0
0
0
0
0
21219
0
0
0
0
0
0
0
0
0
0
0
0
0
0
0
0
0
73515
0
0
0
0
0
0
0
0
0
0
0
0
0
0
0
0
0
0
0
0
0
0
0
0
0
0
0
0
0
0
0
0
0
0
0
20845
0
0
0
0
0
0
0
0
0
0
0
0
0
0
0
0
0
0
0
0
0
0
0
18652
0
0
0
0
0
0
0
0
0
0
0
0
0
0
0
0
0
0
0
0
0
0
0
0
0
0
0
0
0
0
0
0
0
0
0
0
0
0
0
0
0
0
0
0
98100
0
0
0
0
0
0
0
0
0
0
268584
0
0
0
0
0
0
121168
0
0
0
25816
0
0
0
0
0
0
0
0
0
0
0
0
0
0
0
0
0
0
0
0
0
0
0
0
0
0
0
78342
0
0
0
0
0
0
0
0
0
0
0
0
0
0
0
0
0
0
0
0
0
0
0
0
0
0
0
0
0
0
42332
0
0
0
0
0
0
0
0
0
0
0
0
0
0
0
0
0
0
0
0
0
0
0
0
0
0
0
0
0
0
5484
0
0
0
0
0
0
0
28338
0
0
0
0
0
0
41601
0
0
0
0
0
0
0
0
0
0
0
0
0
0
0
0
0
0
0
23186
0
0
0
0
0
0
0
0
0
0
0
0
0
0
0
0
0
10498
0
0
0
0
0
0
0
0
0
0
0
0
0
0
79659
0
0
0
0
161650
0
0
0
26770
0
0
0
0
0
0
0
0
0
39610
0
0
0
29237
0
0
0
0
0
0
39774
112774
0
0
0
0
0
0
0
0
0
0
0
0
0
51592
0
0
0
0
0
0
0
0
0
89394
0
0
0
0
0
0
0
0
0
0
0
0
0
0
0
0
36751
0
0
0
0
0
0
0
0
0
0
0
0
0
0
0
0
0
0
0
0
0
0
0
0
0
0
0
0
0
46615
0
0
25932
0
0
0
0
0
0
0
0
0
0
125475
0
0
0
29267
0
0
0
0
0
0
0
0
0
0
0
0
0
0
0
0
0
0
0
0
0
0
0
23972
0
0
0
0
0
0
0
0
0
0
0
0
0
0
0
26914
0
59991
0
0
0
0
0
0
0
0
27333
0
0
0
57663
0
0
0
0
0
0
53160
0
0
0
11206
0
0
0
0
0
0
0
0
0
0
0
0
0
0
0
0
0
0
0
0
0
0
0
0
0
132104
0
0
10484
0
0
0
0
0
0
0
0
212016
0
0
0
0
0
0
9314
0
0
0
0
0
0
0
0
0
0
104842
0
0
0
0
0
0
0
0
0
0
81774
0
0
0
0
0
0
0
0
0
0
0
0
0
0
0
0
0
13703
0
0
0
0
0
0
0
0
0
0
0
0
18830
0
0
0
0
0
0
0
0
0
0
7779
0
0
0
0
0
0
0
0
0
0
18776
0
0
0
0
0
0
0
0
0
0
0
0
0
0
0
0
67358
0
0
0
0
0
0
0
0
0
0
0
54956
0
12076
0
0
0
0
0
0
0
0
61902
0
0
0
78129
214705
0
0
0
0
0
0
0
0
52692
0
0
0
0
0
0
0
0
0
0
0
0
0
0
0
0
0
0
0
0
0
0
0
0
0
0
0
0
0
0
0
0
0
0
0
0
0
0
0
0
0
0
0
35507
0
0
42987
0
0
0
0
42101
31324
0
0
0
0
0
0
0
0
0
0
0
0
0
0
0
0
0
0
0
0
0
0
0
0
0
0
0
0
0
0
0
0
0
54074
0
0
0
0
0
0
0
0
0
0
0
0
0
0
0
0
0
0
0
0
0
0
0
0
0
0
0
0
0
0
0
0
0
0
0
0
0
37644
0
0
119955
0
0
0
0
0
0
0
24707
0
0
0
0
0
0
0
0
0
0
0
0
22620
0
0
0
0
0
0
76203
0
0
0
0
0
0
0
45814
0
0
0
250784
0
0
0
0
11870
0
0
0
0
0
0
0
0
0
0
0
0
0
0
0
0
0
0
0
155225
0
0
0
0
0
0
0
0
0
0
0
0
0
0
0
0
0
0
0
0
0
0
0
0
0
0
0
0
323266
0
0
0
0
0
0
0
0
0
0
0
0
0
0
0
0
0
0
0
0
0
0
173328
0
0
210291
0
0
0
0
0
0
0
55638
0
0
0
0
0
0
0
14492
0
0
0
0
0
0
0
0
0
0
0
0
0
0
0
0
0
0
29574
0
180031
0
0
0
0
0
0
0
0
0
0
0
0
0
0
0
0
0
0
0
0
0
0
0
0
0
0
0
0
0
0
0
0
39841
0
0
0
0
0
0
0
0
0
0
0
0
0
0
8022
0
0
0
0
0
17941
0
0
0
0
0
0
0
0
0
0
0
0
0
0
0
0
0
0
70638
46514
0
0
0
56529
0
0
0
0
0
0
0
0
0
0
0
0
0
0
0
0
0
0
0
0
20660
0
0
0
0
0
0
0
0
0
23131
0
0
0
0
0
0
0
28756
0
0
0
180902
0
0
0
0
0
0
0
0
0
0
0
0
0
0
0
0
0
0
0
0
0
0
0
0
0
0
0
0
0
0
0
0
0
0
0
0
0
0
0
0
0
0
0
6212
0
136243
0
0
0
0
0
0
0
0
0
0
0
0
0
0
0
0
0
0
0
0
0
0
0
0
20953
0
0
0
30334
0
48533
0
12889
0
0
0
0
0
0
0
9111
0
0
0
0
0
0
0
0
0
0
0
0
0
0
0
0
0
40792
0
0
0
0
0
0
0
0
0
0
0
0
0
0
0
0
0
0
0
0
0
778626
0
0
0
0
0
0
0
0
0
45404
0
0
0
0
0
0
0
13584
0
0
0
0
0
0
0
0
0
0
0
0
0
0
0
0
0
0
0
0
0
0
0
0
0
0
0
0
0
0
0
0
0
0
15806
0
0
0
0
0
0
0
0
0
0
0
0
0
0
0
0
0
0
117096
0
0
0
0
0
0
0
0
0
0
0
0
0
0
0
0
0
0
0
0
0
0
0
0
0
0
0
0
0
5309
0
0
275794
0
0
0
0
0
540556
0
0
0
0
0
110255
0
0
0
0
0
0
0
0
0
49321
0
0
0
0
0
0
0
0
0
145402
0
0
0
0
0
0
0
0
20806
0
0
60416
0
0
0
0
0
0
0
0
0
0
0
32745
0
0
0
0
0
0
44350
0
0
0
0
0
0
0
0
0
20571
0
0
0
0
0
0
0
0
0
0
0
0
0
0
0
0
0
0
0
0
0
0
0
0
0
0
0
0
0
0
0
0
0
0
0
7175
0
0
0
0
19842
0
0
29273
0
37425
0
0
0
0
0
0
0
0
6755
0
0
0
0
0
0
0
0
0
0
20296
0
0
13970
0
0
0
0
0
18608
0
0
0
0
0
0
0
0
0
17110
0
0
28535
0
0
0
0
0
0
0
0
0
0
0
0
0
0
0
0
0
0
0
0
0
0
0
11225
0
0
0
0
0
0
129198
0
0
0
0
0
0
0
0
0
0
0
0
0
70519
0
0
40547
0
0
0
0
0
0
0
0
0
0
0
0
0
0
0
0
0
0
0
0
0
0
0
0
0
40128
0
0
0
0
46046
0
0
0
70152
0
220418
0
0
0
0
60727
0
0
0
0
0
0
0
0
0
29136
0
0
0
0
0
0
0
0
0
0
0
0
0
0
0
0
0
0
0
0
0
0
0
0
22268
153082
0
73016
0
0
0
0
0
0
0
0
0
0
0
23152
0
0
0
0
0
0
0
0
0
0
0
0
0
0
0
0
0
0
0
0
0
0
0
0
0
0
0
0
0
0
0
0
0
0
0
0
0
0
0
0
0
0
0
0
0
0
0
0
0
0
0
0
0
0
0
0
0
0
48690
0
0
0
0
0
0
0
68058
0
0
0
0
0
0
0
0
0
0
0
0
0
0
0
0
0
0
0
0
0
0
0
0
0
0
0
0
0
0
0
0
0
0
0
0
0
0
0
0
0
23336
0
0
0
0
0
0
0
0
0
0
0
0
0
0
0
0
0
0
0
0
0
0
0
0
0
0
0
0
0
86652
0
0
0
0
0
0
0
0
0
0
0
0
0
0
0
0
0
0
0
0
0
0
0
0
33529
0
0
0
0
0
0
0
0
0
0
0
0
0
0
0
0
0
0
0
0
0
0
0
0
0
0
0
0
0
0
0
0
0
21018
0
0
0
0
0
0
42873
0
0
0
0
0
0
0
0
16492
0
0
0
46471
0
0
199471
0
0
0
0
0
0
0
0
0
0
44984
0
0
0
0
0
0
0
0
198531
0
0
0
16231
0
0
0
0
0
0
0
0
0
0
0
0
0
0
0
0
0
0
0
0
0
0
0
0
0
0
0
0
0
0
0
0
0
0
0
0
0
0
0
0
0
42598
0
0
0
0
0
0
0
0
0
0
0
0
22754
0
0
0
0
0
0
0
0
0
0
0
0
24685
0
0
0
0
0
0
0
0
0
0
0
0
0
0
0
109431
0
0
0
0
0
0
0
0
0
0
0
10308
14810
0
0
0
0
0
0
0
0
0
0
0
0
0
0
0
0
0
0
0
0
0
0
0
0
0
0
0
0
24127
0
0
0
0
0
0
0
0
0
0
0
0
26716
0
50427
0
0
0
0
0
0
0
0
0
0
0
0
0
0
0
0
0
0
0
0
0
0
0
0
23486
0
0
0
100910
0
0
0
0
0
0
0
0
0
0
0
0
162235
0
0
0
0
0
0
0
0
0
0
0
0
0
0
0
13998
0
0
0
0
0
0
0
0
0
14606
0
0
0
0
0
0
0
0
0
0
35854
0
0
0
0
56507
0
0
8480
0
0
0
0
0
0
0
0
0
0
0
0
0
0
0
0
0
0
0
0
0
0
0
0
0
0
90736
0
0
0
0
0
0
0
0
57930
0
0
0
47455
0
0
0
0
0
0
0
5820
0
0
3723
0
0
0
0
0
0
0
0
0
0
0
0
0
57370
0
0
0
0
0
0
0
0
0
0
0
0
0
0
0
0
0
0
0
0
0
0
0
0
0
0
0
0
0
0
0
0
0
15085
229354
0
0
0
0
0
0
0
0
0
0
0
0
0
0
0
11719
0
0
0
0
0
0
0
0
0
0
0
0
0
0
0
0
0
0
0
0
87604
0
0
0
0
0
0
0
0
0
24427
0
0
0
0
0
0
0
0
0
71091
0
0
0
0
0
0
0
0
0
0
0
0
0
0
0
4643
0
0
41500
0
0
0
0
0
0
0
0
0
0
0
0
0
0
0
0
0
0
121306
0
0
30158
0
0
0
0
0
0
19126
20088
0
0
0
0
0
0
0
8520
33773
0
0
0
0
0
0
0
0
0
0
0
0
0
0
0
0
0
0
0
0
0
0
0
0
0
0
0
0
56055
0
0
0
0
0
0
0
0
0
0
0
0
0
0
110094
0
0
0
0
0
17139
0
0
0
0
0
0
0
0
0
0
0
0
0
0
0
0
0
0
0
0
0
0
0
0
0
0
0
0
0
0
0
0
0
0
0
0
0
0
0
0
0
0
0
0
10002
0
0
0
0
0
0
0
0
0
0
82392
0
0
0
0
0
0
0
0
0
0
0
0
0
0
0
0
0
0
0
0
0
0
0
0
0
0
42426
0
0
11832
0
0
0
0
0
0
0
0
0
0
0
64025
0
619257
0
0
0
0
0
0
0
0
0
0
0
0
60171
0
0
0
0
0
0
18955
0
24183
0
0
18727
0
8857
0
0
0
0
0
0
0
0
0
0
0
0
27890
0
0
0
0
0
0
0
24423
0
0
0
0
0
0
0
0
0
27841
0
0
0
0
0
0
0
0
0
0
0
0
0
0
0
0
0
0
0
0
0
0
0
0
0
0
0
0
0
0
0
0
0
0
0
0
0
0
0
0
0
0
0
0
0
0
0
0
0
0
19414
0
0
0
0
0
163242
0
0
0
0
0
0
0
0
0
0
0
0
0
0
111414
0
0
51642
0
0
0
0
0
0
0
0
0
0
0
0
0
0
0
0
0
0
0
0
0
0
0
0
0
0
0
0
0
0
0
0
0
0
0
0
0
0
0
0
0
428896
0
0
0
0
0
0
0
0
0
0
0
0
0
0
0
0
0
24093
0
0
0
0
17501
0
0
0
0
0
0
0
0
0
0
0
0
0
0
0
0
0
0
0
0
10568
0
0
0
0
0
0
0
0
0
0
0
0
0
0
0
0
0
0
0
0
0
0
0
0
0
0
0
0
0
0
0
0
0
0
0
0
0
0
0
0
0
0
59024
0
478068
0
0
0
0
0
0
0
46400
0
0
0
0
0
0
17880
0
0
0
0
0
0
0
0
0
0
0
0
0
0
0
0
0
0
0
0
0
0
0
0
0
0
0
0
0
0
0
0
0
0
0
0
0
0
0
0
0
0
0
0
0
0
13920
0
0
0
0
0
66474
0
0
27016
19288
0
75336
0
0
0
0
0
0
0
0
0
0
0
0
0
0
0
0
0
241499
0
0
0
0
0
0
0
0
0
0
0
0
0
0
0
0
0
0
0
0
0
0
0
0
0
0
0
0
0
0
0
0
0
0
0
0
0
0
0
0
0
0
0
0
0
0
0
0
0
0
11852
0
9458
0
0
0
0
0
5646
0
0
0
0
272780
0
15516
0
0
0
151244
0
0
0
0
25940
0
0
0
0
0
0
0
0
0
0
0
0
0
0
0
0
0
0
0
0
0
0
0
0
0
0
0
0
0
0
0
0
0
0
0
0
0
13788
0
0
0
0
0
0
0
0
0
0
0
0
0
0
0
0
0
0
0
0
0
0
0
0
0
0
0
0
0
0
0
0
0
0
0
0
0
0
0
0
0
0
0
0
0
0
0
0
0
0
0
179607
0
0
0
0
0
33586
0
0
0
0
0
0
0
167643
0
0
0
0
0
0
101765
0
0
0
48668
100992
0
0
0
0
0
0
0
0
0
0
0
0
0
0
0
0
0
0
0
0
0
0
0
11892
0
30907
0
0
0
0
0
0
0
0
0
0
0
0
0
0
0
0
0
0
0
0
0
0
18064
0
0
0
0
0
0
0
75006
0
0
0
0
0
0
27888
0
0
0
0
0
0
0
0
0
0
0
0
0
0
0
0
0
0
0
0
0
0
0
0
0
0
0
0
0
0
0
0
0
0
0
0
0
0
0
0
0
0
0
0
0
0
0
0
0
0
0
0
0
0
0
0
0
0
0
0
0
0
0
0
0
0
0
48469
0
0
0
0
0
347400
0
0
0
0
0
0
0
0
0
0
0
27958
0
0
0
0
0
0
27204
0
175526
0
0
0
0
0
0
0
0
0
0
0
0
0
37124
0
0
0
0
0
0
0
0
0
0
0
0
0
0
0
0
0
0
0
0
0
0
0
0
0
0
0
0
0
0
18676
134934
0
0
0
0
0
0
27801
0
0
0
0
0
0
0
53786
0
0
0
0
0
0
0
0
20512
0
0
0
0
0
0
0
0
0
0
0
0
0
0
0
0
0
0
0
0
0
0
0
0
0
0
0
0
16794
0
0
0
3880
0
0
0
0
0
129004
0
0
0
0
0
0
0
0
0
0
0
0
0
0
0
0
0
0
0
24710
0
0
0
0
0
0
0
0
0
0
0
0
0
0
0
0
0
0
11841
0
16322
0
0
0
0
0
0
0
0
0
0
0
0
0
0
0
0
0
0
0
0
0
0
0
0
0
0
0
0
0
0
0
0
0
0
0
0
0
46039
0
0
0
0
0
17457
0
77147
0
0
0
0
0
0
0
0
76365
0
0
0
0
0
0
0
0
0
0
0
0
0
0
0
0
0
0
0
0
0
0
0
0
0
0
0
0
194514
0
0
0
0
0
0
0
0
0
0
0
0
0
0
0
0
0
0
0
0
0
0
63668
0
0
0
0
52888
23642
0
0
0
0
0
0
0
1576461
8208
0
36982
0
0
185150
0
0
0
0
0
49284
0
0
0
0
0
0
0
0
0
0
0
0
0
0
0
0
0
0
0
0
0
0
0
0
0
0
0
0
0
0
0
0
0
0
0
0
0
0
0
0
0
0
0
0
0
0
14854
0
0
0
0
0
0
0
0
0
0
0
0
0
4891
0
0
0
0
0
0
0
0
0
10030
0
0
0
64188
0
0
0
0
0
0
0
0
8363
0
9639
0
0
0
0
0
0
0
0
0
0
0
0
0
0
0
0
22074
0
0
0
0
0
0
0
0
0
0
0
0
0
0
0
0
0
0
0
0
0
0
0
0
0
0
0
0
0
0
0
0
0
0
45524
0
0
0
0
0
0
0
0
0
0
0
0
0
0
0
0
0
0
0
0
0
0
0
0
0
0
0
0
0
0
0
0
0
0
0
0
0
0
0
0
0
0
0
0
0
0
0
0
0
0
0
0
0
0
0
12220
0
0
0
0
0
0
0
16273
0
0
0
0
54042
0
0
0
0
0
0
0
0
0
0
0
0
0
120273
0
0
381058
0
0
0
0
54623
0
0
0
0
0
0
56388
0
0
0
0
0
0
0
0
0
0
0
0
0
0
0
116142
0
0
0
0
0
0
0
0
66767
0
0
0
0
0
0
0
0
0
0
0
2631
0
0
0
0
0
0
0
0
0
0
0
12467
0
0
0
0
0
0
40546
133080
0
0
0
10913
0
0
0
0
0
19051
0
0
0
0
0
0
38334
0
0
0
0
0
0
0
0
0
19374
0
0
0
0
0
0
0
0
0
0
0
0
0
12274
0
0
0
0
0
0
0
0
0
0
0
0
0
71104
0
0
62501
0
0
0
0
0
0
0
0
0
0
0
0
0
0
0
0
0
0
0
0
0
0
0
0
24617
0
0
0
0
0
0
0
22190
121379
0
0
0
0
0
0
0
174452
0
0
0
0
0
0
0
0
0
0
86556
0
0
0
0
0
0
0
0
0
0
0
0
0
0
0
0
162141
0
0
0
0
0
0
0
122314
0
0
0
0
0
0
0
0
0
0
0
0
0
0
0
0
0
0
0
0
0
0
0
0
0
0
0
0
0
0
0
26141
0
0
0
0
0
0
0
0
0
0
0
0
0
0
0
0
0
0
0
0
0
215523
0
0
13020
0
0
0
0
0
0
0
0
0
0
0
0
0
0
