0.690555008599608
1.35166323661927
-0.0650272065254655
0.972385088195023
0.841606745266
-0.17977768921078
0.52343710883544
0.0324166315422921
-0.227159454510645
0.303325261947523
0.356893032409987
0.122701748656802
-0.174204558093271
0.546106817483125
-1.53697867963142
-0.76647392874942
-0.644682769960626
0.272269538916035
-0.337444135777067
0.0273157389923932
2.41116622909707
0.729933070223121
-1.01041166102421
0.220025109594827
0.366778936764144
-0.604655802269788
-0.271824204962821
0.210393316667243
-0.044697728973884
0.0454199904616558
