[[64 41 76 9999940 9999980 9999935 12 9999985 9999928 9999950 9999931 8 9999989 3 9999923 92 10 47 73 9999913 89 95 9999984 98 71 60 9999968 9999935 24 55 9999988 55 14 9999924 9999981 51 9999984 64 53 9999915 9999918 3 9999907 5 9999992 29 9999964 9999964 9999950 9999908 17 9999968 9999987 99 9999935 60 9999938 9999961 79 9999952 9999930 9999921 9999985 9999920 10 28 9999931 2 9999905 27 79 48 19 9999945 9999903 9999984 75 9999919 92 81 9999973 67 9999908 27 53 98 95 3 50 9999957 9999943 0 9999930 9999903 8 51 9999935 9999902 46 17]
[9999900 47 12 39 96 9999988 58 9999950 9999905 92 38 83 53 9999953 69 9999994 39 9999921 9999936 9999918 9999977 57 95 30 47 22 40 25 85 9999935 6 9999977 75 9999963 83 9999901 9999931 34 9999932 36 9999967 63 9999931 9999932 9999978 9999948 49 9999933 9999990 9999961 9999915 40 37 48 9999963 88 9999989 9999976 41 52 9999987 85 9999957 9999976 24 9999997 9999899 8 26 77 4 40 9999952 9999919 70 77 52 16 0 9999996 22 9999934 9999899 9999974 21 22 9999966 33 59 9999910 82 1 36 9999987 88 9999928 9999976 62 89 9999938]
[9999976 69 9999937 9999964 81 9999908 9999967 73 9999926 43 35 9999939 9999939 98 75 9999953 29 9999989 9999913 13 33 9999945 89 86 9999964 9999934 9999926 9999953 80 9999922 9999969 87 83 9999906 9999968 49 20 97 0 9999947 34 9999966 33 9999924 9999939 96 74 4 49 5 9999921 9999900 9999929 9999899 46 9999903 9999929 9999993 88 68 9999942 9999958 27 46 9999980 9999981 56 51 68 9999967 64 9999983 13 9999968 9999922 28 9999937 41 9999975 9999966 9999947 33 65 9999929 89 9999928 90 9999931 97 9999977 74 9999983 76 9999918 9999926 43 9999910 99 9999965 9999912]
[9999987 74 76 9999976 9999950 9999977 34 8 66 9999900 9999947 9999964 86 9999912 54 28 22 69 9999955 68 33 50 75 73 1 8 9999953 9 9999963 87 72 26 56 9999993 85 21 9999903 24 9999910 9999904 46 33 9999912 53 9999969 9999947 9999976 58 44 9999948 36 9999946 9999906 45 20 70 9999907 60 9999976 94 42 9999950 9999916 62 53 57 50 9999918 79 9999962 9999930 9999998 87 86 1 9999988 77 9999955 76 9999965 9999949 9999921 9999954 78 0 9999978 9999909 48 9999916 79 94 96 9999944 9999974 66 9999941 9999978 9999953 58 80]
[9999945 12 35 96 9999916 91 9999981 9999922 9999968 39 9999949 9999977 17 7 78 9999952 15 68 9999908 78 9999987 62 9999931 78 19 9999953 14 9999974 41 69 43 9999946 30 9999984 9999949 9999990 9999950 9999919 43 9999962 9999990 9999990 9999922 31 54 20 9999971 9999958 5 48 63 66 80 9999977 77 9999927 91 9999977 9999953 3 9999900 97 9999982 19 9999990 9999943 28 9999942 9999938 5 9999942 73 42 9999912 9999935 9999917 9999915 9999939 83 53 80 61 61 77 80 5 9999923 9999988 1 19 9999973 9999987 9999975 43 56 46 9999905 9999968 76 36]
[9999927 94 9999998 27 9999950 9999928 9999982 9999904 9999978 9999944 78 35 9999980 9999968 59 42 73 21 2 62 9999995 49 33 9999991 9999937 9999901 59 9999962 9999935 9999965 9999961 70 76 84 57 0 9999972 9999901 71 28 9999911 41 9999929 9999966 9999918 9999910 64 38 9999963 9999993 75 72 68 45 9999981 14 9999993 9999918 10 43 15 9999948 9999977 72 4 56 9999980 9999921 9999996 9999993 86 9999978 9999976 72 53 9999982 28 82 85 20 9999992 9999964 12 93 9999947 93 9999974 4 9999949 4 9999938 19 72 9999961 1 24 12 16 9999997 53]
[98 9999899 20 9999971 11 60 30 9999949 3 9999943 47 9999928 16 9999964 6 9999982 98 73 9999994 79 84 9999903 48 18 9999926 15 9999913 72 8 28 12 9999917 29 76 9999911 9999919 9999966 9999911 9999957 68 58 47 9999950 9999965 9999969 9999902 57 9999920 9999919 22 69 9999928 9999942 92 9999948 9999984 4 67 9999990 9999950 37 12 9999967 9999940 9999905 9999948 63 9999972 28 28 9999902 9999980 9999979 9999955 9999984 9999945 9999976 89 9999913 9999976 22 9999912 10 33 92 86 90 9999973 80 9999963 20 11 77 45 39 9 9999956 9999966 9999912 9999976]
[9999901 85 53 50 93 63 51 9999930 42 9999978 24 92 9999978 11 76 55 77 9999945 79 9999998 26 27 29 9999983 9999970 9999912 9999955 9999928 41 9999997 9999909 9999905 9999974 9999899 79 9999971 9999954 93 79 9999957 77 18 9999997 76 9999976 9999912 39 9999934 9999997 9999930 9999910 9999960 9999960 75 63 9999938 89 25 9999977 9999968 9999943 34 9999984 9999913 40 9999917 39 56 9999990 56 9999934 9999930 79 9999899 9999917 9999946 39 38 9 9999929 9999929 93 9999925 42 9999942 61 9999922 90 86 9999992 90 77 15 9999988 9999979 78 45 9999907 66 78]
[9999919 35 9999976 92 9999969 9999993 9999983 35 32 42 9999958 52 9999982 9999953 9999991 42 31 9999926 9999904 9999934 9999950 9999998 9999956 9999915 9999940 9999955 9999907 9999947 67 26 81 9999966 9999917 53 60 9999992 27 9999995 18 9999901 9 9999963 9999935 15 9999942 9999929 9999994 88 76 69 9999984 68 9999903 39 9999924 9999930 94 9999950 77 10 57 9999960 77 23 74 70 80 49 9999936 74 9999938 9999932 9999912 43 12 9999988 9999957 26 9999930 9999978 9999948 9999938 9999905 9999985 51 9999933 9999916 6 34 95 68 95 8 9999922 9999935 28 9999979 49 93 9999977]
[30 9999944 9999941 33 8 66 9999899 4 9999953 93 10 9999982 19 16 56 74 35 64 56 9999916 59 9999930 80 9999928 81 9999974 9999934 9999922 12 9999990 96 2 9999947 87 9999906 9999913 9999940 9999967 7 55 9999982 29 13 9999990 9999971 9999979 87 94 15 79 9999926 52 86 9999927 60 9999960 9999925 90 31 9999959 11 73 9999905 47 9999983 15 82 78 9999993 9999934 9999918 9999918 9999998 9999982 9999973 9999919 9999979 53 9999920 9999930 30 9999933 44 88 12 9999962 9999964 9999971 9999932 9999916 9999979 9999921 36 9999939 9999958 9999919 17 9999911 9999981 9999995]
[75 9999946 55 56 4 20 91 9999954 9999939 39 9999995 9999981 47 7 9999964 50 65 70 9999899 21 9999979 4 42 9999958 9999981 9999978 9999931 9999910 91 40 31 69 9999955 57 31 18 97 21 87 80 9999968 40 9999989 5 49 9999974 9999955 97 9999964 10 83 9999990 61 86 83 2 94 11 32 9999905 9999960 9999923 38 9999912 9999951 11 9999990 48 23 17 58 9999998 9999913 9999978 65 9999954 44 9999931 32 71 9999992 83 80 87 9999904 9999972 9999982 71 47 90 42 17 6 45 9999982 9999972 9999906 9999933 9999911 59]
[73 9999915 9999923 9999900 89 9999963 9999979 9999984 9999911 9999922 9999995 9999997 9999954 68 9999991 34 16 17 9999955 26 9999950 9999967 33 9999908 9999930 9999950 2 9999963 9999921 9999985 9999913 9999957 45 9999959 9999925 9999902 9999996 9999925 9999989 9999991 12 58 9999979 88 25 73 9999904 9999988 9999957 52 9999937 48 9999907 9999998 9999924 2 32 20 9999946 9999952 61 34 39 20 9999950 74 15 29 9999970 59 30 9999969 23 9999903 30 94 9999972 2 9999960 9999918 36 63 6 9999900 21 9999920 29 83 28 60 9999963 1 89 9999960 9999927 9999949 87 33 37 51]
[14 9999973 43 14 9999913 95 53 33 81 91 9999982 76 9999948 9999899 9999959 9999911 21 40 9999910 9999931 82 9999949 9999901 6 51 9999971 0 9999915 9999915 6 58 26 88 9999952 9999934 9999909 9999967 44 9 9999937 93 91 9999945 9999964 20 9999920 50 9999956 9 9999910 9999935 9999978 93 9999973 9999966 9999906 9999922 9999990 23 18 12 9999919 9999929 9999977 44 9999918 9999907 1 76 82 9999964 57 83 9999984 34 9999933 59 15 33 28 9999904 9999946 12 27 9999959 26 15 9999918 91 83 18 70 9999981 9999983 15 67 36 17 9999955 9999991]
[9999925 58 20 9999958 32 9999910 9999950 9999923 91 9999927 9999968 9999910 48 16 50 9999960 67 68 68 9999952 36 85 38 9999907 9 68 41 9999980 14 9999970 9999998 9999924 68 15 94 50 9999968 88 13 9999978 9999949 55 9999928 47 5 63 9999974 52 9999918 9999922 9999929 8 9999985 9999979 9999990 9999961 37 48 51 19 9999916 9999960 9999929 29 9999936 41 41 34 9999932 9999972 9999979 9999899 9999977 9999943 9999949 73 9999989 85 24 9999960 72 85 96 74 9999968 9999919 9999914 9999906 68 9999994 84 53 9999941 9999965 9999910 9999971 30 0 9999991 9999959]
[9999961 9999902 9999923 9999907 89 74 9999991 9999949 9999913 62 9999906 9999906 35 93 9999951 9999945 9999931 10 74 9999920 11 5 22 15 95 54 23 94 9999970 75 78 32 89 3 88 9999956 9999987 9999988 9999917 12 31 26 9999985 9999992 9999966 9999961 9999978 9999931 9999980 9999924 61 85 9999966 9999922 30 42 0 9999955 9999974 16 9999955 9999903 14 9999986 9999973 5 56 48 9999902 9999930 9999989 9999969 9999933 9999988 60 9 9999964 9999933 19 6 94 92 82 9999980 9999972 92 55 22 8 9999937 23 9999994 9999941 51 9999970 89 54 9999921 12 62]
[90 9999939 28 9999997 9999914 73 97 9999942 17 9999931 62 9999912 9999930 86 81 26 15 9999940 6 16 9999987 9999912 61 41 23 9999938 9999977 75 9999949 64 91 9999952 17 9999956 9999899 9999926 75 9999903 52 63 54 83 31 9999941 92 9999923 9999920 73 64 9999946 9999967 9999914 38 9999917 83 92 9999911 9999959 9999955 83 9999987 86 9999986 9999972 4 9999985 9999980 9999971 9999972 62 18 29 40 84 9999965 9999984 61 9999944 36 98 9999941 47 45 19 81 41 9999969 9999995 9999989 9999941 9999949 69 29 9999972 9999934 96 9999926 9999972 54 74]
[18 9999987 43 9999987 9999931 9999926 9999913 50 9999990 9999982 9999904 9999950 9999972 18 28 9999976 5 52 9999939 33 64 49 9999946 99 9999960 9999998 5 9999983 9999981 92 63 7 31 13 9999943 84 91 37 9999993 9999971 9999903 58 9999996 9999900 9999949 45 9999976 9999990 9999910 21 92 9999984 9999987 45 2 9999929 9999955 9999979 83 3 69 14 14 19 21 23 9999994 86 9999997 9999916 74 9999926 9999954 28 85 9999993 9999928 9999947 44 9999990 9999962 9999899 9999956 38 9999934 92 9999911 9999922 87 15 63 9999938 13 9999998 17 9999931 9999958 9999916 29 9999963]
[9999998 28 76 80 9999985 9999942 9999899 76 11 40 66 9999994 28 9999968 99 94 9999929 9999976 9999912 72 9999900 96 9999965 89 37 0 37 9999952 9999997 26 78 29 22 67 65 53 9999962 68 45 84 9999975 20 9999906 41 25 94 37 31 9999953 9999996 36 9999976 9999998 9999982 19 9999935 9999997 66 9999916 4 9999932 9999989 9999993 51 28 9999944 9999962 1 9999954 9999913 32 9999904 9999959 9999993 9999906 9999968 9999931 9999914 37 9999957 32 9999936 9999927 9999936 9999981 9999944 9999928 37 9999985 9999992 56 9999918 90 15 9999958 9999931 9999974 81 49 9999937]
[9999943 37 63 9999949 9999950 9999901 58 10 9999920 7 72 9999983 23 9999989 31 35 9999942 9999948 38 9999924 9999922 35 9999907 9999914 71 3 9999929 88 9999986 29 9999937 9999904 9999929 9999978 59 7 63 51 64 9999928 47 59 9999927 18 9999964 93 18 9999970 1 9999969 9999959 23 9999913 56 58 9999934 9999949 26 7 74 12 9999956 9999945 63 48 9999948 66 7 88 9999930 9999991 12 3 65 9999930 61 9999986 9999954 74 12 9999945 9999958 14 9999972 98 99 5 9999930 10 35 9999962 9999909 9999904 52 61 9999977 49 9999931 12 69]
[57 31 81 9999987 61 68 24 66 9999906 9999980 9999923 9999993 79 2 9999957 70 56 9999940 9999930 9999981 78 9999937 9999985 9999948 84 9999968 42 95 91 9999928 1 6 9999926 76 43 9999971 9999966 52 33 51 9999926 9999945 4 9999992 61 5 9999966 9999966 16 9999975 9999952 81 9999948 9999959 88 9999932 9999933 99 9999942 39 9999961 87 46 48 9999926 9999962 2 9999940 51 83 9999958 9999913 43 17 10 24 9999942 9999916 89 37 9999964 9999951 76 9999986 9999899 94 9999935 9999965 45 13 9999927 9999957 86 9999969 9999992 18 9999904 9999948 9999975 9999958]
[9999962 9999900 26 49 44 14 9999925 57 37 9999964 83 80 78 4 9999920 9999906 64 9999997 9999956 93 58 9999961 90 87 70 9999984 9999960 9999901 9999909 9999976 9999932 9999988 9999909 9999960 15 9999944 9999916 42 10 14 15 77 87 81 9999979 49 9999967 92 44 73 16 31 39 9999953 9999901 9999956 8 71 9999920 9999944 17 58 9999927 9999948 9999966 9999974 55 9999997 95 9999919 41 3 9999944 94 9999942 17 51 0 9999949 84 17 67 9999927 26 71 69 9999904 9999915 9999909 17 74 9999910 9999930 46 9999987 9999954 7 73 9999951 30]
[9999914 9999994 9999963 80 11 9999920 24 90 9999953 99 9999969 22 9999943 23 68 9999988 51 18 35 39 9999979 9999902 9999903 9999959 80 0 13 9999991 31 9999905 33 90 51 6 17 9999918 9999953 49 58 22 9999933 9999908 50 27 9999957 32 69 77 20 9999983 89 9999961 82 9999914 33 9999956 9999964 9999995 37 9999990 70 54 97 9999989 9999990 9999916 9999920 9999968 76 59 9999979 84 25 9999980 30 9999931 9999912 37 9999961 9999950 22 9999958 65 11 9999969 9999918 29 34 97 9999943 9999956 9999922 72 41 9999915 9999959 35 61 73 9999909]
[9999938 81 92 44 9999988 53 64 9999948 95 4 9999956 9999964 17 29 47 64 6 2 78 9999909 20 73 9999947 9999960 78 9999997 65 12 9999923 9999920 83 3 17 33 9999956 40 10 9999989 2 39 9999946 51 9999972 9999948 9999989 51 75 9999969 9999903 4 9999931 46 31 8 9999944 9999922 9999935 9999980 9 42 13 9999953 9999910 1 22 9999956 30 75 9999975 18 9999909 9999990 0 73 53 9999996 43 9999934 66 66 86 76 17 72 9999992 9999940 10 9999973 9999926 0 45 23 10 9999955 16 19 9999921 13 9999984 3]
[9999904 9999959 9999947 18 66 56 62 51 9999927 9999991 9999990 98 89 9999930 9999967 98 9999998 9999965 9999902 9999914 9999997 95 12 41 57 4 9999940 38 9999990 9999974 5 55 15 84 9999934 9999914 9999913 9999899 72 9999926 9999951 9999946 9999903 39 23 41 64 9999912 12 9999986 9999917 9999912 9 9999935 9999950 11 9999935 9999991 9999940 9999910 69 10 66 68 9999997 9999955 89 9999957 9999943 9999915 55 9999959 9999910 20 9999984 32 30 9999944 34 17 86 9999981 84 96 34 9999906 9999989 29 20 9999903 9999940 9999909 9999932 39 9999986 9999923 44 54 9999939 9999970]
[28 28 86 7 9999906 37 9999972 77 67 9999915 9999940 9999967 9999938 9999903 9999973 9999951 26 9999930 67 12 31 9999936 9999992 96 9999927 9999936 79 36 9999983 9999912 9999915 52 9999914 9999961 20 9999901 84 9999972 94 79 40 35 9999997 9999967 9999989 28 9999927 7 9999906 9999980 94 13 39 87 23 9999946 9999914 45 60 61 37 37 9999903 9999899 82 67 18 9999973 60 22 53 9999942 9999935 9999945 92 9999926 45 9999968 9999905 54 9999988 9999922 9999916 84 9999953 20 9999988 9999977 9999944 81 9999916 81 65 87 99 9999930 40 9999930 28 75]
[9999912 10 9999996 9999984 78 9999965 9999940 48 11 9999907 56 9999916 9999968 90 9999932 57 9999998 9999944 9999937 83 75 9999992 72 59 9999923 58 9999960 9999994 82 2 9999914 9999920 50 66 9999989 9999996 9999910 51 9999917 31 9999907 56 6 9999948 60 46 9999932 28 66 9999928 1 9999906 11 46 9999942 77 9999972 78 9999914 9999905 32 9999943 9999962 62 45 9 9999909 72 9999962 9999915 9999986 87 9999997 9999908 18 3 54 9999902 9999964 86 41 9999978 9999905 9999994 9999967 68 9999912 28 9999909 22 9999901 67 75 9999987 82 83 9999972 7 19 9999997]
[9999951 9999921 79 9999905 3 55 3 9999974 9999915 64 39 12 54 9999924 92 9999908 9999966 53 81 9999998 98 30 71 52 67 94 9999916 1 9999945 17 95 30 18 9999979 30 83 9999950 90 9999949 97 9999976 13 23 98 95 9999909 9999924 43 9999973 1 9999951 12 5 9999990 9999919 8 53 9999900 9999916 9999905 87 9999956 9999972 9999934 63 9999908 9999954 66 8 42 23 9999997 9999952 9999964 11 9999985 9999969 9999933 9999935 9999958 71 31 85 47 62 9999918 25 9999973 52 9999983 9999921 74 9999923 91 42 9999939 27 3 9999936 50]
[9999946 9999976 9999960 9999914 87 9999995 9999967 1 50 9999953 40 79 6 35 73 9999929 8 9999983 9999901 11 31 9999900 69 86 9999939 75 60 86 74 9999932 67 23 48 52 53 17 9999940 48 9999966 9999937 44 9999956 9999935 9999995 54 20 9999962 9999950 9999996 91 82 9999920 9999938 45 9999921 76 6 14 9999986 49 23 9999983 23 9999990 9999900 91 46 9999931 9999913 9999947 18 9999959 9999931 78 24 9999992 9999945 31 9999976 19 41 58 9999920 9999916 9999936 9999911 17 9999950 9999918 9999915 7 9999936 9999936 60 76 9999927 1 70 9999945 9999940]
[29 16 9999900 69 28 79 9999948 97 9999922 89 9999961 97 9999998 9999977 70 30 69 9999942 5 9999950 85 9999919 0 66 42 33 9999958 9999969 9999955 65 9999981 9999957 89 9999939 37 9999951 9999947 9999981 25 69 9999930 9999937 64 20 9999985 9999922 95 95 90 77 9999972 10 9999913 9999967 9999976 11 9999906 53 9999924 56 67 9999976 9999969 9999966 93 9999932 84 9999969 9999946 44 9999993 67 76 68 78 68 9999911 34 50 9999967 31 9999957 9999994 9999969 9999921 5 9999978 57 62 9999980 98 9999929 3 67 9999948 20 72 15 9999918 9999975]
[66 9999943 9999984 53 91 9999949 9999944 9999900 24 9999977 9999910 9999910 9999960 9999943 9999962 80 9999989 9999985 9999963 9999903 33 9999963 92 99 11 9999971 56 29 9999993 51 9999955 9999934 68 9999938 4 17 9999902 0 14 9999992 9999960 9999960 54 0 34 29 88 9999937 15 9999962 9 9999984 9999928 9999921 9999963 9999969 87 7 9999977 53 9999909 9999978 82 9999991 94 9999899 9999907 27 75 9999909 79 9999972 9999922 42 20 9999979 9999933 9999947 9999958 9999927 9999983 9999950 9999946 9999942 9999941 9999922 70 9999936 25 9999943 9999911 9999990 10 45 9999952 1 5 27 9999903 59]
[68 9999994 21 79 81 9999968 43 9999953 42 9999918 64 57 41 25 9999907 79 9999985 35 73 22 9999961 9999917 12 58 9999953 53 24 63 9999979 9999915 9999938 9999956 14 9999993 9999958 30 28 9999909 77 54 9999981 16 9999926 48 9999900 67 70 9999977 23 20 9999982 81 16 27 38 55 9999978 85 9999922 9999989 9999902 9999937 23 9999996 9999932 9999917 19 5 68 32 9999961 98 99 74 74 91 71 9999945 9999900 9999992 9999985 43 58 9999912 78 9999955 51 74 82 9999904 9999972 33 9999916 26 9999903 9999962 9999971 22 60 9999951]
[9999944 2 9999941 9999907 9999914 71 9999976 9999927 56 9999907 9999947 85 9999941 9999987 53 9999963 66 33 9999978 9999915 9999965 9999958 9999907 9999963 9999997 9999961 9999952 38 9999972 9999923 9999928 9999920 14 9999931 26 9999948 9999902 9999965 9999934 79 9999970 81 9999929 9 9999997 84 9999931 9999941 96 57 77 9999930 9999944 57 75 9999966 24 95 74 91 92 9999960 45 9999919 83 9999989 9999952 9999910 71 31 74 87 58 67 9999960 9999975 91 0 9999982 9999917 50 95 35 9999907 9999946 9999914 9999977 9999993 38 52 9999947 35 9999944 50 47 9999930 9999947 9999933 9999946 9999967]
[92 82 9999920 73 21 9999945 20 17 35 48 9999966 9999975 33 13 11 60 9999956 68 94 29 9999987 31 9999901 69 24 9999951 45 98 9999965 9999982 9999901 9999907 66 73 7 9999972 78 7 60 9999962 62 39 44 9999977 29 31 9999940 9999899 64 9999959 9999949 3 9999977 73 9999962 9999933 9999905 9999983 89 93 9999984 9999929 9999989 88 27 93 93 22 9999963 9999953 9999987 9999961 27 13 9999943 9999983 27 89 9999957 9999949 9999958 9999984 9999931 9999899 9999931 9999995 9999927 8 32 9999905 82 67 9999931 9999922 35 67 9999912 9999900 40 12]
[89 29 77 9999958 9999982 43 9999904 9999930 86 42 49 82 9999918 54 9999909 18 9999990 15 9999906 9999907 9999913 9999949 9999983 31 9999907 44 9999902 9999966 9999953 93 9999985 44 40 9999937 29 14 67 9999922 60 9999935 16 9999996 9999976 9999914 9999929 9999997 96 9999955 9999995 95 54 91 9999903 9999903 10 9999926 6 9999935 9999991 33 9999974 76 9999964 9999984 96 69 9999899 38 9999946 9999902 9999935 9999980 9999921 9999951 9999926 3 9999950 37 60 82 62 9999952 9999951 12 43 9999978 29 83 74 80 9999947 9999919 9999961 38 9999933 9999917 80 9999943 28 27]
[9999979 9999998 78 51 90 99 31 9999992 30 9999922 92 9999934 62 8 25 16 9999923 39 9999958 71 9999938 9999913 9999934 9999980 30 20 9999963 22 9999993 19 9999951 9999912 9999916 9999984 54 9999921 9999916 9999931 9999916 9999902 9999997 9999986 72 9999956 9999983 56 85 12 9999945 9999905 16 9999960 9999929 15 9999954 27 9999981 9999966 42 88 19 9999998 9999967 9999972 64 9999940 9999986 9999908 9999901 86 9999959 58 8 73 1 96 9999991 9999994 16 38 9999962 9999991 44 9999924 32 40 9999928 9999947 9999904 76 95 1 9999966 2 90 9999974 72 41 9999983 9999903]
[30 9999949 48 30 9999910 9999997 92 9999942 76 11 9999929 9999925 3 9999907 24 9999943 9999987 75 9999963 83 9999921 9999912 93 9999957 9999899 9999986 9999911 85 9999972 59 0 9999964 9999925 7 9999982 51 9999963 9 9999932 26 97 46 97 40 9999976 87 54 96 10 38 88 86 44 68 9999974 9999991 48 9999948 9999972 68 48 9999934 9999950 33 29 50 9999959 28 41 9999997 9999966 9999926 20 9999961 46 5 9999948 9999989 95 9999956 43 41 9999907 4 9999912 9999909 9999952 9999912 9999948 9999926 1 9999937 9999956 9999915 55 9999922 9999933 9999919 9999975 89]
[9999985 9999971 95 99 75 89 9999979 25 31 8 71 9999930 84 87 63 9999901 9999921 9999956 9999902 9999978 9999904 9999920 9999926 9999982 87 9999916 36 9999968 76 54 9999942 9999967 9999935 9999963 9999919 9999973 3 14 9999954 9999987 9999994 26 79 83 9999994 9999923 9999913 61 9999948 9999992 78 67 85 9999938 9999989 97 9999927 6 3 46 32 30 9999954 9999963 21 20 33 25 38 29 50 7 92 11 46 45 34 9999906 88 10 78 9999996 83 54 45 9999899 9999971 92 9999952 9999946 3 9999900 4 26 9999912 60 9999965 96 10 30]
[9999948 76 9999949 3 9999948 80 41 71 9999964 93 9999931 6 16 16 9999941 85 34 9999921 50 67 9999964 9999925 45 11 92 41 74 9999945 71 9999973 36 9999962 28 9999908 9999942 63 9999995 15 9999958 9999994 9999926 69 9999939 76 70 70 39 9999971 9999975 21 9999994 92 9999994 14 9999916 9999976 43 9999949 54 72 9999902 9999929 9999978 36 9999973 9999986 49 76 9999949 9999932 9999916 79 9999997 9999953 6 34 25 9999957 9999987 39 9999942 9999951 9999927 72 31 9999996 27 9999927 23 9999945 79 73 9999913 22 61 9999908 9999939 9999988 9999979 9999952]
[97 9 9999911 23 9999969 9999955 9999983 9999949 9999986 9999941 9999924 12 9999907 47 9999937 9999946 78 68 87 93 5 75 47 48 14 9999994 9999941 9999949 32 5 34 9999941 55 90 98 80 9999956 9999935 71 9999997 55 30 9999904 52 47 9999943 9999909 40 9999925 90 75 14 9999929 9999984 11 9999913 9999971 89 70 7 9999905 9999924 9999985 9999907 9999947 9999911 9999914 20 9999968 9999966 9999959 35 13 9999993 25 11 24 9999902 9999955 61 23 9999923 9999945 29 9999954 9999945 83 9999967 9999961 65 9999986 9999983 9999922 19 82 9999955 19 15 9999979 25]
[9999988 37 69 77 29 80 89 9999931 9999908 82 9999971 12 9999923 27 9999982 9999918 9999974 9999922 9999976 9999992 9 98 95 89 9999909 9999913 39 64 91 9999930 33 49 17 9999959 9999922 9999908 9999915 9999918 11 9999995 77 90 9999925 27 9999998 9999978 9999958 52 40 40 68 78 9999957 89 63 28 9999939 28 57 31 80 79 9999980 49 9999966 36 46 23 88 44 9999997 9999940 97 46 67 9999913 9999909 67 77 51 9999931 9999929 9999936 9999913 9999962 55 12 28 73 9999915 9999902 87 9999940 9999979 9999990 9999912 62 9999978 9999974 9999998]
[9999965 9999966 17 9999980 62 17 9999991 95 9999965 9999985 68 9999960 43 9999905 9999910 73 9999927 7 54 9999935 9999922 9999970 9999955 82 9999968 75 67 9999968 4 72 9999921 9999955 78 69 9999973 4 89 32 9999968 92 62 9999985 39 55 28 9999995 9999922 9999977 9999932 37 9999986 35 9999979 9999931 73 47 98 33 9999951 82 9999918 9999958 6 42 42 9999943 13 28 9999961 9999904 9999921 43 9999949 9999973 56 9999932 76 9999928 9999994 9999903 9999910 9999957 76 9999918 53 9999944 9999988 9999940 9999986 9999910 80 18 7 9999962 9999945 90 9999937 9999919 7 28]
[9999955 9999929 9999995 9999948 9999913 32 9999979 9999982 70 69 19 9999917 9999969 9999947 9999899 87 95 9999969 9999957 90 14 54 48 34 9999974 82 9999967 9999972 9999904 9999911 65 92 9999917 9999913 26 9999940 9999982 9999987 9999899 9999968 15 9999976 35 9999980 59 66 9999932 9999937 9999981 9999938 35 84 9999956 9999942 9999976 9999953 9999977 9999902 9999986 83 50 9999986 9999944 77 9999946 9999970 9999971 9999998 8 9999942 69 9999901 76 9999925 9999937 9999964 44 62 9999958 9999900 9999941 9999997 60 86 93 95 19 9999994 9999941 60 93 9999963 40 53 9999955 9999900 9999934 9999950 82 9999976]
[36 9999938 9999929 12 29 71 9999920 42 44 9999931 9999964 10 93 9999983 9999988 9999962 6 9999917 9999985 9999941 62 9999932 28 9999929 9999925 19 9999988 86 85 96 79 74 9999933 49 9999908 9999952 91 9999917 94 87 35 9999938 29 9999917 62 9999948 9999929 2 50 9999976 74 64 9999914 22 9999955 81 26 29 9999917 96 9999928 9999969 95 38 9999968 1 8 9999929 91 9999916 65 9999972 9999939 9999997 9999913 9999916 63 9999918 9999922 88 9999982 9999902 9999978 9999916 9999909 23 42 60 9999903 57 9999922 9999992 9999908 9999902 87 42 9999901 18 9999913 9999900]
[9999988 9999919 39 9999922 9999938 9999904 9999936 9999927 9999961 38 9999980 15 9999929 44 16 26 90 39 19 9999901 66 9999919 9999944 16 76 9999989 63 41 95 23 86 9999929 97 7 9999945 9999962 10 73 9999900 9999981 9999985 9999931 55 21 9999984 47 53 9999939 62 30 22 9999930 53 9999904 9999970 26 9999963 54 9999995 43 91 94 29 9999909 9999907 69 9999919 85 9999902 49 9999917 10 9999946 9999902 9999959 40 9999924 11 59 66 54 78 24 9999932 9999943 61 9999998 9999932 9999947 96 9999992 9999996 89 25 2 9999927 9999916 9999914 9999906 9999968]
[9999972 9999958 44 50 9999944 1 84 16 79 9999983 25 38 39 9999949 9999907 86 9999928 7 9999919 9999962 15 4 9999957 98 11 9999964 68 9999946 9999903 9999989 9999954 9999942 9999987 9999955 71 4 88 14 9999959 4 9999967 9999957 9999947 53 9999963 16 9 9999976 9999980 81 46 9999988 43 86 30 65 40 9999931 9999921 9999922 41 21 9 9999921 7 9999969 9999960 9999987 66 50 9999983 63 9999983 9999986 72 9999901 9999962 98 18 79 22 91 51 9999981 9999962 52 16 66 9999985 9999988 9999970 66 9999918 43 9999927 30 9999941 9999939 9999982 27]
[64 9999978 9999969 66 7 9999958 18 37 21 22 9999923 9999931 9999984 9 9999987 44 9999900 97 9999977 9999975 75 9999984 9999905 9999949 21 9999994 9999979 9999940 88 83 9999942 50 0 9999989 9999910 53 9999951 9999958 9999993 9999925 16 8 78 67 35 20 31 50 64 49 9999921 9999919 9999945 9999918 44 9999931 28 9999910 9999981 9999991 9999971 95 9999901 9999973 32 39 9999953 9999914 9999949 60 0 57 95 9999962 10 9999938 9999902 9999954 9999915 72 87 9 98 9999992 59 9999970 71 9999926 55 9999919 88 9999940 44 35 9999986 9999946 22 9999981 8 9999903]
[9999966 9999992 2 40 73 17 9999931 9999945 9999984 9999944 2 95 9999984 47 9999976 9999922 9999921 9999994 43 9999907 9999921 29 96 9999952 9999939 39 20 37 9999901 9999973 9999959 9999925 4 9999907 66 9999963 94 9999952 16 67 9999987 9999918 60 93 9999934 9999939 9999977 9999965 9999906 17 29 9999906 1 18 9999937 83 38 20 9999949 9999980 95 9999957 77 68 24 61 9999902 9999987 22 9999964 36 88 51 9999914 9999903 9999949 73 95 9 9999954 32 9999950 9999975 9999984 67 94 78 98 9999968 29 58 9999989 9999922 26 84 9999900 80 53 8 9999955]
[84 9999928 89 15 9999925 7 9999966 37 8 52 71 88 9999943 9999908 64 57 36 22 9999919 9999953 9999920 80 9999957 84 9999947 9999906 9999986 9999986 63 58 14 9999899 53 93 9999975 9999989 1 9999960 25 9999918 29 9999953 62 23 60 9999973 9999917 9999901 9999941 68 87 9999904 9999983 51 85 9999917 9999965 9999971 29 65 9999918 9999966 35 9999993 72 38 20 9999976 9999908 9999924 9999914 9999909 9999989 61 9999933 77 10 98 9999987 93 47 98 9999925 48 7 39 63 9999974 2 94 9999907 29 9999982 9999922 87 1 9999984 71 9999926 25]
[9999973 36 9999970 9999942 9999997 62 17 33 20 95 9999988 30 9999964 9999908 48 9999899 9999915 9999961 28 33 86 11 0 42 9999969 9999951 41 9999974 70 62 76 9999967 39 9999971 4 12 9999956 9999958 9999985 21 9999993 9999993 75 32 55 55 83 66 9999982 84 20 5 83 45 70 78 27 44 67 9999917 9999993 9999961 19 96 9999936 9999993 23 14 93 9999920 89 2 74 9999942 9999906 9999938 9999923 9999907 29 47 95 41 55 9999998 9999904 32 92 61 9999917 30 9999917 27 19 9999994 33 95 40 9999922 56 9999956]
[52 18 9999920 16 9999922 71 9999920 9999921 88 46 71 91 86 83 9999960 56 9999948 9999949 9999905 46 9999959 16 9999986 24 58 9999981 31 9999956 9999993 74 9999944 9999984 9999961 9999998 21 52 35 84 14 41 9999909 86 71 67 40 9999950 9999956 18 9999974 4 9999916 64 9999998 20 9999991 82 9999966 9999966 9999990 28 9999991 9999998 9999934 9999936 9999978 97 48 8 9999958 31 9999960 9999951 9999937 93 23 28 50 61 25 9999944 9999952 58 91 9999906 40 9999979 86 9999987 9999906 53 31 9999941 31 9999931 9999911 85 9999900 9999983 91 9999957]
[23 9999939 9999907 11 9999927 59 9999901 9999928 9999976 76 59 9999989 9999959 9999906 9999931 77 32 9999986 9999931 2 3 86 77 39 9999917 9999899 9999921 9999946 38 67 9999916 36 90 32 9999915 18 58 9999955 60 9999920 41 61 9999988 9999986 9999985 9999950 18 57 9999993 9999925 93 12 66 0 9999980 9999998 16 9999909 83 17 31 5 9999944 9999972 9999913 45 98 9999902 9999963 40 9999916 9999971 65 81 9999972 9999994 9999966 9999958 9999972 12 22 9999997 9999986 74 58 14 7 9999917 85 93 9999918 9999905 98 1 9999899 9999978 28 68 9999941 9999993]
[9999966 9999918 9999927 72 9999904 34 25 9999934 9999944 15 9999958 9999996 61 9999923 9999924 9999971 53 34 46 73 22 9999982 32 9999911 9999933 9999995 83 51 9999937 8 17 9999942 9999956 24 9999965 9999964 9999917 9999992 3 9999909 9999935 9999958 9999947 21 9999974 35 94 37 77 9999983 9999902 9999938 9999964 8 9999944 31 42 96 9999990 72 9999914 9999977 13 8 59 4 9999997 88 35 91 9999964 9999997 39 26 9999992 54 94 9999940 30 9999941 9999902 9999983 52 9999982 56 98 9999913 64 9999941 28 9999948 32 9999972 9999940 9999969 9999928 9999941 9999970 9999909 92]
[9999932 9999917 38 77 9999994 62 9999941 80 39 9999935 9999935 9999917 9999946 84 11 94 9999909 40 71 66 9999937 9999935 9999909 30 86 9999994 49 9999952 9999921 87 29 81 41 9999975 9999946 92 9999899 78 9999919 26 79 10 7 9999974 9999981 9999919 9999973 79 9999953 37 36 72 47 4 33 9999987 5 78 60 3 9999946 45 9999926 10 9999974 60 35 36 9999955 9999937 5 9999964 90 9999985 9999989 9999938 9999944 9999954 9999986 50 9999919 9999914 28 15 9999997 52 96 9999948 9999923 9999939 9999982 9999925 9999982 48 9999918 69 9999996 84 9999921 90]
[50 58 71 75 9999978 9999899 9999921 24 88 9999920 30 9999983 59 87 33 48 9999918 9999928 9999996 64 9999982 49 9999973 9999906 52 9999985 73 17 12 9999950 10 9999910 9999899 81 10 9999995 48 9999899 11 77 81 9999963 9999990 9999979 9999947 9999902 87 9999967 40 9999932 9999928 9999907 9999978 75 83 51 9999920 9999965 47 9999964 9999906 11 52 9999986 38 9999963 32 9999900 56 88 9999996 63 31 9999947 9 9999944 9999984 54 92 9999978 9999950 9999985 84 9999950 9999910 82 9999958 26 9999992 9999920 67 29 9999973 9999980 91 9999912 75 91 9999958 42]
[37 9999930 25 9999901 89 79 9999992 39 9999909 9999942 9999978 48 43 9999976 9999917 84 91 9999991 9999984 20 6 9999915 9999983 84 9999935 61 9999928 9999907 9999987 9999918 9999973 22 9999928 2 40 9999919 51 18 74 9999940 14 9999968 9999942 0 9999909 52 33 43 4 9999992 77 55 16 13 9999930 9999910 41 77 9999938 9999932 9999913 9999939 65 39 68 9999964 9999901 9999995 9999959 74 9999960 9999990 90 9999973 9999924 13 9999903 9999987 9999930 9999926 19 9999944 9999975 1 68 9999951 99 9999924 0 46 68 9999967 0 9999982 9999986 76 9999978 6 9999915 99]
[65 9999949 84 9999995 9999917 9999942 9999946 23 65 70 9999950 9999971 81 9999966 9999914 21 27 32 33 9999966 88 30 9999907 15 9999945 9999965 39 9999986 9999913 9999926 15 9999952 9999903 48 45 3 3 9999919 9999945 9999963 9999974 29 59 42 9999919 45 9999952 9999932 15 2 9999918 56 9999995 9999965 9999922 9999958 65 37 75 17 9999910 78 9999977 9999899 9999935 37 54 9999971 9999985 9999948 9999960 9999955 9999904 9999938 60 18 9999938 9999927 84 9999936 99 92 9999907 65 9999967 9999966 9999916 9999977 9999910 9999930 34 33 9999922 9999959 9999943 50 52 9999936 20 9999974]
[6 9999905 43 12 42 9999904 9999953 96 9999957 78 84 9999956 59 9999924 9999920 9999917 9999909 9999997 47 9999914 9999967 71 8 9999966 31 9999965 57 46 9999975 69 9999913 1 9999941 9999996 45 99 9999965 9999969 25 9999967 77 9999941 32 9999947 9999912 9999958 9999942 3 9999969 47 9999925 71 9999920 9999981 9999985 9999951 9999982 9999920 9999952 67 87 73 53 9999995 27 46 9999930 71 9999953 9999951 6 9999915 17 9999951 9999944 43 81 4 9999977 5 9999900 9999960 9999943 9999916 22 9999934 9999907 9999996 9999930 80 9999925 83 64 59 5 9999946 9999957 27 31 9999954]
[9999963 9999944 9999915 62 56 9999906 9999911 54 9999947 57 53 9999963 47 9999942 98 46 34 9999937 9999955 54 81 57 9999924 9999991 73 88 9999948 11 9999976 9999942 1 63 9999952 21 9999984 9999947 41 77 9999945 19 9999976 80 9999985 9999964 49 94 9999968 37 38 9999918 9999977 70 62 9999978 96 41 65 39 9999954 9999983 11 9999962 83 63 14 9999931 83 9999968 95 9999980 21 53 91 68 9999974 9999954 9999973 9999922 9999965 9999947 9999977 9999929 8 9999927 55 18 62 6 16 91 9999990 9999921 9999970 9999909 31 48 9999926 77 56 49]
[9999962 9999932 9999906 9999952 29 22 9999990 72 9999998 41 14 9999958 34 9999998 29 9999977 67 71 9999916 60 9999969 32 9999985 46 9999953 9999954 9999963 9999966 37 46 9999936 9999918 9999918 9999915 98 81 9999908 59 4 9999934 9999971 8 9999899 69 79 46 35 29 7 63 14 9999933 67 9999941 9999984 61 9999935 9999963 45 84 93 9999997 9999918 31 2 9999977 22 97 20 36 68 9999971 9999967 9999965 43 41 9999943 9999949 9999910 9999907 9999913 9999924 9999983 22 9999994 77 9999920 9999923 94 9999956 9999919 9999919 9999909 46 9999983 9999904 48 40 9999919 9999924]
[9999918 9999911 99 9999914 13 9999971 83 9999957 9999968 9999968 9999991 9999929 63 3 9999959 13 80 58 86 60 9999952 9999902 9999939 9999940 44 67 9999971 9999939 9999980 9999996 79 9999970 9999982 9999909 9999952 43 9999941 9999996 53 53 9999927 9999956 9999940 97 9999969 9 60 72 91 24 25 9999904 26 9999952 9999936 9999909 9999916 22 14 9999968 75 50 20 65 37 98 9999977 9999976 15 9999937 9999976 95 68 29 48 29 72 9999962 9999978 9999964 72 47 9999960 9999974 9999959 8 27 69 55 17 9999960 9999996 9999947 9999982 43 9999967 92 9999991 6 93]
[40 76 9999939 92 9999994 9999899 9999916 9999984 9999987 9999913 47 9999937 9999988 77 9999990 95 17 92 15 9999989 9999909 19 53 9999998 9999919 9999947 9999921 9999937 52 9999996 9999940 9999992 9999955 81 52 9999899 30 61 9999962 9999963 9999937 9999901 44 30 9999924 9999977 9999989 9999904 9999989 9999943 9999990 99 51 9999919 9999952 9999982 9999906 9999936 84 9999958 67 73 9999991 9999921 9999916 9 9999911 50 9999937 99 98 34 85 9999910 75 52 40 9999986 33 9999978 9999962 9999931 35 9999924 9999960 27 9999976 9999913 9999966 34 84 9999928 17 9999943 9999946 9999950 62 9999901 79 82]
[9999951 87 16 9999996 34 56 9999925 9999976 9999965 85 9999991 9999902 98 9999941 50 9999944 9999942 32 57 9999972 64 9999989 9999901 61 9999913 72 9999917 9999986 9999992 4 99 9999970 9999925 99 9999963 48 9999973 9999979 54 9999926 17 83 9999959 9999957 48 9999936 9999928 9999984 80 1 9999902 9999940 18 9999977 65 87 4 9999925 9999980 3 62 9999948 9999911 9999990 70 80 66 44 88 9999944 35 4 9999980 98 9999899 50 9999953 58 91 9999981 10 9999922 9999902 96 9999900 99 89 66 9999907 9999982 82 13 28 70 9999905 9999966 9999913 45 9999993 9999969]
[19 9999906 93 46 85 9999974 9999901 86 9999967 15 35 9999908 66 12 9999972 88 9999906 9999934 9999975 71 99 9999949 9999982 25 20 9999985 71 53 38 9999932 9999924 88 32 54 9999909 9999934 9999968 9999989 9999983 9999967 9999958 9999962 19 9999944 9999912 61 9999955 12 9999937 12 9999967 67 9999986 95 9999926 87 9999936 35 41 9999934 9999956 18 9999929 9999911 1 98 80 9999961 9999975 9999933 39 9999961 9999966 9999951 9999910 9999940 72 85 9999995 9999911 57 9999934 8 9999985 78 9999994 44 43 9999970 21 37 45 87 36 28 69 55 34 95 90]
[9999902 5 9999998 9999933 77 9999918 9999968 9999988 55 9999937 9999968 99 68 9999901 9999909 9999972 9999924 43 50 9999964 9999995 9999938 85 9999982 9999938 9999944 7 9999903 9999918 9999925 88 9999954 9999972 69 22 9999918 49 9999998 39 9999956 9999943 64 9999938 9999914 9999909 9999992 53 23 92 3 9999934 23 4 29 65 9999914 9999972 30 97 9999995 98 30 90 87 23 9999903 9999926 4 9999933 9999990 99 9999900 9999941 22 37 9999935 51 9999933 71 9999949 9999995 70 9999926 98 9999908 9999955 43 77 9999986 96 9999962 9999985 85 9999949 9999979 9999993 16 9999966 64 50]
[9999972 24 82 9999956 9999978 9999951 9999954 88 9999974 73 9999900 96 9999919 82 61 9999947 9999928 9999942 9999983 9999945 9999936 9999965 9999938 72 9999899 62 4 34 9999998 9999960 9999921 83 9999961 9999941 9999922 49 85 9999978 55 9999991 56 9999939 9999900 9999923 88 9999936 95 39 0 9999906 18 9999932 40 9999946 67 9999988 18 9999920 9999967 9999984 20 6 9999940 9999966 87 9999944 9999935 48 9999947 87 98 9999941 9999967 25 9999956 9999957 62 9999901 9999921 82 62 9999978 9999927 9999970 75 9999933 9999939 9999995 27 9999907 22 53 84 9999940 9999948 98 9999989 38 90 50]
[9999980 9999957 9999932 30 9999986 9999952 9999901 9999915 68 5 35 1 95 9999966 33 9999941 9999952 96 9999901 17 9999929 96 9999936 94 9999956 88 21 19 9999913 22 28 72 0 9999924 86 59 9999981 32 40 24 94 9999960 72 9999970 9999945 9999920 9999969 9999930 47 9999995 71 9999979 9999926 47 9999958 78 58 54 17 9999936 14 9999926 22 9999940 24 9999913 88 9999993 61 28 79 61 28 9999931 20 9999992 9999983 33 9999960 15 9999976 9999931 9999981 29 9999954 19 17 9999996 9999970 9999977 9999964 82 9999990 9999964 92 22 67 98 76 63]
[26 83 9999918 9999980 59 74 66 9999929 37 9999968 9999912 59 9999976 9999927 23 15 9999923 62 79 72 9999921 86 9999943 37 17 66 9999963 81 9999940 9999990 9999910 74 9999904 96 9999962 77 92 9999926 60 9999951 9999963 34 9999985 97 83 22 51 9 71 0 52 38 9999956 9999962 41 9999936 94 9999946 9999946 63 9999965 93 9999939 9999957 9999919 22 9999957 9999953 83 9999941 9999918 9999990 31 9999936 54 89 78 9999938 75 9999970 9999972 9999971 66 9999927 9999954 9 36 45 9999913 9999965 19 25 9999995 54 53 9999971 9999979 9999929 61 31]
[9999903 9999915 9999997 98 9999908 9999955 9999921 9999953 7 9999980 99 9999959 83 9999991 25 91 9999920 74 47 41 86 9999958 4 88 9999990 9999932 9999971 87 90 80 59 9999976 80 9999949 9999944 20 80 9999902 95 39 9999971 27 9999924 9999981 9999943 9999995 52 94 9999978 23 30 96 58 54 22 9999944 89 9 9999940 9999995 9999971 9999989 9999923 1 9999992 9999927 9999940 9999962 9999913 60 30 34 73 40 9999932 26 89 9999918 84 45 41 74 49 85 9999954 4 40 55 9999977 9999967 80 21 9999921 68 9999989 65 9999975 9999901 9999922 9999965]
[9999932 9999911 9999969 43 27 14 79 9999983 9999944 9999998 19 90 9999989 9999971 80 9999971 9999968 9999981 83 9999938 9999958 9999932 96 30 92 97 30 7 31 8 9999968 9999981 9999936 45 9999932 9999965 86 9999980 71 9999973 9999997 9999909 83 9999952 5 9999975 9999970 32 9999953 9999952 9999911 9999984 9999921 84 53 9999909 9999925 83 22 41 9999927 9999973 9999969 41 9999980 66 9999904 67 9999995 9999948 9999918 56 9999966 9999979 53 2 9999946 9999909 9999945 9999949 9999991 9999997 40 74 9999921 9999910 9999978 87 7 9999919 9999997 9999991 9999928 9999991 9999937 9999926 9999927 52 58 9999967]
[95 71 68 72 9999914 9999962 44 9999950 23 9999911 9999910 9999982 27 19 7 9999914 9999903 9999940 9999931 41 69 79 9999934 98 34 9999901 26 9999932 9999932 38 9999946 36 9999906 24 9999970 60 9999921 9999925 9999980 52 9999954 54 9999978 88 38 9999981 9999993 9999911 15 43 9999914 92 37 60 9999954 45 9999997 9999958 9999988 1 63 37 49 46 9999968 44 71 9999989 9999995 23 9999907 9999927 9999912 88 9999907 34 9999991 95 9999953 41 9999899 9999916 9999910 9999948 9999964 48 78 19 58 9999997 42 75 9999942 9999936 97 9999944 85 9999927 32 9999972]
[9999933 17 9999972 91 7 9999919 42 43 8 9999972 96 9999981 22 89 21 22 9999973 9999950 49 2 9999917 95 9999934 9999982 9999936 82 88 9999993 9999984 61 84 9999906 82 22 74 9999943 30 9999904 9999957 9999908 9999996 54 9999913 9999927 9999943 6 47 9999917 9 9999918 9999940 76 40 9999972 55 14 9999961 63 9999899 9999983 9999933 9999957 9999902 5 9999969 9999970 9999947 9999918 56 57 9999984 9999931 9999940 9999918 37 9999972 3 9999966 18 9999940 49 9999901 30 66 20 70 9999986 3 9999923 3 9999919 24 9999937 71 9999982 92 88 37 9999954 9999925]
[55 24 60 9999906 9999964 0 8 9999964 65 14 9999967 9999958 24 5 9999963 9999956 9999934 8 39 9999992 86 15 39 53 9999923 9999932 9999996 33 9999962 9 9999992 85 0 8 9999952 30 9999978 34 9999949 9999942 9999904 9999962 9999922 95 65 9999929 9999987 9999988 9999942 9999942 48 9999964 9999972 9999993 9999939 9999903 9999927 33 9999992 9999953 9999955 9999913 9999908 15 30 52 9999924 9999996 9999976 9999973 69 25 91 38 5 9999989 65 14 93 9999942 9999941 9999992 37 9999935 35 91 9999915 9999995 93 9999966 9999919 9999958 43 9999962 25 9999955 9999918 9999992 9999937 43]
[54 80 9999938 82 86 9999936 9999967 43 72 97 9999908 59 9999923 99 12 9999983 9999962 9999948 9999934 9999972 75 9999959 9999925 93 9999907 9999989 9999945 9999979 9999971 9999991 9999948 9999916 80 9999982 25 82 9999921 25 47 9999933 57 30 75 91 4 9999936 9999953 9 23 9999915 9999900 9999994 9999921 9999993 9999923 9999928 9999996 28 9999968 85 9999966 8 2 75 9999922 9999961 9999956 82 9999958 9999934 84 9999963 36 63 9999980 9999949 80 9999920 55 48 11 13 55 17 9999991 9999933 9999930 9999977 9999983 9999944 9999934 24 9999984 75 9999931 29 89 9999989 9999963 33]
[45 55 9999991 26 9999959 25 9999996 56 84 76 9999957 9999900 9999939 9999982 9999915 9999918 85 9999994 29 46 9999901 9999904 65 39 9999901 90 71 58 9999988 9999975 9999975 9999974 31 47 9999958 38 9999958 9999916 65 31 9999926 9999945 21 9999992 9999962 93 9999936 9999921 9999990 9999964 34 9999916 77 9999958 47 9999931 3 9999972 16 9999925 9999942 50 9999917 45 9999904 9999937 9999937 81 9999994 9999950 68 79 9999960 34 9999927 9999978 84 9999976 68 11 9999908 23 9999921 9999990 9999917 9999987 9999958 88 13 9999993 9999900 68 9999990 9999963 9999900 47 9999964 9999950 44 9]
[9999904 68 9999965 9999986 9999905 9999960 23 52 9999971 74 98 94 9999907 9999900 9999909 9999936 9 30 82 52 20 9999986 9999982 61 61 9999960 11 9999958 63 9999974 9999985 9999915 45 23 17 9999984 86 25 9999977 69 9999996 9999982 22 9999905 9999922 9999953 9999941 9999952 9999988 92 58 79 96 9999923 54 97 15 10 48 36 97 82 9999991 9999998 9999998 9999989 9999963 54 29 21 9999989 9999991 9999957 9999971 35 9999974 9999983 9999973 31 59 9999903 41 11 9999937 65 97 29 97 71 76 10 68 99 9999995 9999920 33 9999920 61 9999983 70]
[7 9999965 51 9999968 36 89 74 9999940 9999964 9999915 96 9999910 9999924 9999943 9999902 9999902 68 96 9999903 9999965 9999993 9999926 9999985 5 1 9999958 9999908 9999900 9999933 38 58 91 33 9999956 9999960 9999922 80 34 9999909 9999968 9999903 86 38 23 64 9999987 32 9999979 41 51 32 23 16 9999935 69 55 9999935 9999931 78 9999948 9999902 9999928 9999917 9999998 66 9999959 9999911 55 38 93 64 9999970 9999924 76 74 9999979 22 9999992 66 18 45 9999964 9999986 9999928 60 38 88 9999903 9999942 9999956 9999900 9999990 96 12 9999980 9999983 61 9999968 55 62]
[9999969 54 9999925 18 94 41 19 9999953 9999938 0 28 69 87 9999924 9999927 9999983 9999984 26 9999982 9999944 88 30 9999952 9999934 39 9999960 9999904 9999992 9999919 44 9999959 67 9999941 98 9999917 3 9999985 62 29 97 9999906 9999905 41 9999970 9999919 9999904 50 57 9999955 32 9999994 9999951 9999957 9999938 41 9999948 99 9999955 9999939 9999985 73 58 9999951 9999940 9999997 9999928 9999989 9999975 26 9999981 9999954 9999956 9999938 9999974 9999917 35 75 9999941 95 0 9999968 75 85 9999906 9999945 9999936 9999906 9999941 61 9999910 9999930 9999916 29 68 9999994 9999956 9999939 9999996 9999926 66]
[9999961 9999967 9999947 9999981 9999938 9999954 9999961 9999948 9999955 78 9999934 21 43 22 9999927 34 64 9999949 46 0 14 75 51 69 47 9999986 69 9999988 9999930 29 9999931 97 26 69 11 93 35 38 48 85 9999966 61 9999904 9999958 90 9999962 9999960 16 92 9999974 9999933 5 9999944 2 68 9999981 9999944 9999944 10 9999976 9999901 57 93 9999900 3 9999902 9999975 47 9999946 9999990 9999944 38 9999971 11 83 9999918 92 9999957 9999935 39 9999938 57 22 9999910 9999925 9999981 9999937 9999939 9999908 25 57 89 9999953 9999931 88 44 83 30 9999954 9999959]
[9999963 9999991 93 9999922 9999907 13 9999929 9999972 27 21 7 9999943 45 10 91 53 9999972 9999910 9999976 89 9999984 42 55 48 9999989 9999954 44 12 9999943 69 9999982 9999935 85 82 9999986 9999931 82 31 9999935 9999907 9999923 9999942 78 9999967 55 83 9999905 9999994 7 96 9999956 9999948 9999900 0 9999963 9999939 9999913 91 47 9999994 9999954 86 18 9999965 9999918 97 25 9999930 9999911 9999905 9999916 9999900 9999911 22 9999974 9999902 9999996 81 9999993 69 78 9999976 7 9999908 21 9999924 9999932 9999974 49 25 9999992 9999905 95 75 76 41 9999977 9999980 92 9999922]
[59 9999934 44 9999901 9999967 95 78 9999985 9999989 9999941 9999940 9999951 9999947 9999964 82 85 9999963 9999913 28 9999943 9999934 47 15 55 9999920 91 78 9999950 82 75 40 9999960 9999944 72 83 9999916 5 9999980 9999973 9999900 9999941 14 9999994 10 9999984 9999970 9999969 9999978 15 41 65 9999929 87 9999951 84 70 9999916 9999977 9999974 9999947 9999977 9999952 86 8 9999966 9999969 9999941 23 0 8 9999918 9999899 99 37 9999982 66 9999974 9999994 9999986 75 64 9999978 9999980 9999935 93 9999972 65 40 9999952 76 9999916 9999992 86 9999972 97 25 19 9999930 9999917 95]
[9999997 9 58 5 9999932 9999981 9999956 7 93 9999918 9999925 57 9999996 60 7 33 34 9999933 45 9999976 9999938 69 58 65 96 57 47 0 29 52 50 34 5 9999900 82 9999924 9999926 9999979 59 9999948 69 9999964 21 9999910 9999996 9999946 9999914 39 91 9999955 35 9999920 9999909 40 9999963 9999909 20 84 9999986 9999941 9999938 19 9999977 9999919 9999986 43 9999933 65 21 9999920 95 3 40 9999927 9999959 9999974 9999931 27 9999910 19 97 11 31 39 41 38 27 9999925 9999971 9999920 9999976 9999905 24 9999907 48 9999914 9999955 11 9999944 62]
[9999928 9999921 26 9999937 81 9999989 9999984 60 3 12 9999984 9999911 9999920 93 9999942 9999975 10 75 59 9999950 37 9999934 9999975 92 9999981 93 9999986 9999922 44 18 75 9999910 9999930 9999978 47 90 83 9999994 96 54 9999964 9999946 30 9999965 84 67 27 9999984 15 31 9999987 9999925 9999975 9999944 9999994 90 86 93 9999937 9999959 9999908 53 65 9999942 87 9999914 9999963 27 9999979 15 9999976 36 9999936 51 77 5 51 9999919 9999953 55 17 9999925 72 82 9999980 59 9999969 29 9999964 9999983 9999954 9999968 9 9999981 9999910 95 92 11 9999961 9999991]
[55 9999998 6 9999945 80 9999991 84 9999953 58 9999921 9999962 9999937 9999988 9999980 18 9999913 76 9999968 9999966 13 95 40 9999951 9999989 3 2 65 74 9999947 41 9999931 19 9999953 9999916 9999983 9999976 9999901 30 9999998 9999899 69 54 9999969 27 51 8 63 9999906 60 9999963 9999906 9999934 9999960 82 60 9999945 9999998 64 9999987 7 9999901 2 3 82 9999917 14 39 9999956 1 64 98 9999927 9999948 9999933 9999996 68 9999985 39 9999989 9999924 9 60 10 9999944 9 66 63 9999929 59 9999918 9999998 0 39 9999968 85 66 62 9999982 9999910 9999920]
[45 9999951 9999961 69 78 26 9999973 21 69 9999967 9999951 61 96 9999969 95 9999983 45 0 72 87 9999921 9999943 61 75 99 9999939 9999919 80 9999967 9999998 95 9999933 9999937 97 72 93 9999899 20 9999958 9999970 87 9999984 9999930 9999989 34 9999989 9999935 50 71 9999970 9999956 9999994 9999911 9999977 53 56 9999978 9999942 5 9999925 28 91 46 85 9999962 9999937 9999956 9999917 9999902 9999913 9999937 66 9999920 90 7 9999997 9999976 9999967 32 64 81 12 9999901 9999910 9999966 54 9999925 72 9999996 46 51 79 9999938 9999990 54 9999939 87 63 9999948 9999962]
[9999916 9999899 17 9999927 61 9999926 9999901 9999961 9999996 9999905 9 9999922 9999980 66 9999951 28 36 9999979 61 97 9999970 7 9999949 9999985 9999946 9999977 9999952 9999940 9999975 9999954 9999983 39 9999902 9999947 23 4 9999924 33 70 9999915 98 20 9999914 19 9999936 9999955 72 49 17 9999929 9999930 9999921 9999946 84 50 69 9999945 9999922 69 18 32 9999943 83 9999936 9999979 9999996 82 9999993 8 89 82 16 78 2 9999934 82 9999928 9999976 9999984 88 38 77 9999993 9999946 9999913 9999988 78 59 81 9999967 58 9999935 9999940 95 48 9999931 9999934 9999970 9999978 47]
[9999988 30 71 9999978 52 35 32 58 9999959 98 9999992 9999973 49 4 86 23 23 60 9999923 9999922 9999974 83 9999920 45 66 22 9999989 88 9999973 9999982 9999939 48 35 9999984 9999928 9999966 9999961 28 9999997 9999942 9999940 9999996 82 9999986 9999998 9999929 64 71 9999961 70 72 9999979 9999957 9999919 9999981 73 62 9999945 9999992 82 9999939 14 41 24 9999956 31 9999933 9999942 68 7 9999930 9999947 30 9999899 9999923 49 9999899 99 56 54 4 17 9999975 1 72 55 98 94 9 63 64 9999981 9999917 9999992 16 95 81 6 9999977 9999970]
[9999984 2 9999923 16 9999901 33 56 9999902 9999958 60 30 9999968 87 13 51 52 9999925 9999992 9999911 9999946 9 9999953 9999954 9999986 62 67 75 9999915 46 9999905 81 9999914 97 76 57 24 9999935 9999958 11 29 74 0 9999916 78 43 76 18 11 99 11 9999976 46 98 4 23 83 9999905 9999944 9999919 9999911 9999903 80 78 18 9999981 9999918 8 48 85 9999927 9999921 10 9999915 71 9999959 9999981 28 9999983 9999930 9999903 27 9999927 9 64 17 32 95 9999958 9999950 5 9999919 47 9999963 9999907 61 9999981 9999914 59 12 9999986]
[45 9999993 9999988 69 9999902 9999901 26 59 9999958 59 9999920 9999980 9999914 53 98 89 9999977 15 33 9999954 70 9999959 6 76 80 9999976 9999983 9999968 52 44 9999958 9999981 9999980 9999941 9999925 39 92 9999904 9999943 86 83 9999928 9999935 9999913 9999985 83 98 72 9999937 9999929 84 9999990 99 40 36 9999917 49 9 9999995 9999918 33 56 38 9999920 47 86 88 9999945 9999932 9999904 9999918 41 9999948 9999948 9999919 13 50 9999925 9999993 42 9999963 9999915 70 28 28 98 9999996 9999931 9 9999924 13 9999948 26 86 9999940 1 69 9999980 9999928 9999956]
[69 20 9999962 26 9999927 9999970 9999946 9999987 9999919 19 83 9999956 4 9999989 9999974 9999989 9999984 57 15 52 9999913 9999929 5 9999913 9999989 9999972 9999947 27 9999994 68 31 9999909 9999907 27 9999919 3 9999972 55 9999960 68 42 9999930 30 7 23 9999917 57 92 47 41 9999984 9999948 9999927 38 96 9999899 9999915 9999914 78 9999938 35 68 63 9999996 9 39 9999928 9999992 9999967 9999963 9999945 9999996 9999924 9999944 2 32 9999912 9999949 9999968 9999906 73 52 9999908 9999935 4 9999978 61 9999939 9999914 51 75 9999941 9999975 83 7 37 9999961 9999990 9999927 87]
[68 9 91 48 9999930 53 67 9999946 9999980 15 60 9999916 70 9999981 9999911 82 9999992 9999972 50 30 81 9999962 9999954 9999991 59 86 9999939 9999903 44 9999932 9999899 9999943 77 9999953 75 9999942 9999938 9999941 42 71 1 9999950 21 9999928 9999953 25 9999978 9999981 9999965 30 9999979 59 9999917 9999928 9999899 9999973 56 16 9999910 69 55 50 9999936 28 9999978 9999959 9999992 87 9999914 9999917 9999955 57 74 9999972 79 12 9999996 93 94 9999997 9999906 9999915 99 84 9999963 80 9999954 16 9999919 37 1 9999906 9999955 77 38 9999949 9999946 9999985 9999933 36]
[1 9999928 77 68 94 9999940 9999962 9999932 99 37 67 17 9999921 9999941 83 72 54 9999960 33 9999955 9999903 9999962 2 9999909 9999968 97 69 95 63 9999973 7 68 9999975 72 36 14 85 42 82 43 37 96 9999943 18 46 53 48 26 9999974 9999971 9999941 9999938 48 65 48 9999973 53 9999977 9999918 9999967 9999938 2 9999944 9999957 29 46 9999972 9999942 9999984 9999964 9999944 28 73 92 1 64 75 9999915 25 9999965 47 14 9999967 9999921 9999961 72 9999956 9999963 51 16 9999909 42 75 21 9999998 9999975 9999954 9999944 9999981 68]
[48 9999900 9999953 9999994 36 9999941 9999960 9999994 79 9999975 0 9999902 29 74 89 24 9999962 9999995 3 9999988 9999973 9999967 9999974 9999927 17 9999938 67 84 9999979 9999965 9999961 20 40 70 75 87 9999931 9999922 50 17 13 48 7 30 9999997 54 38 9999983 9999984 9 48 9 9999949 9999931 9999983 9999986 78 95 9999996 75 78 60 41 71 2 83 2 9999930 9999927 9999991 98 9999916 9999933 9999926 9999973 9999934 79 9999991 9999920 9999900 9999948 9999963 40 78 53 9999983 43 74 9999989 9999975 48 97 9999976 41 9999909 54 9999906 9999939 9999992 9999950]
[9999933 65 23 9999914 9999905 39 9999938 9999963 9999935 73 95 73 81 51 29 9999980 25 9999908 76 79 11 9999919 9999965 9999990 9999928 88 55 48 23 2 58 95 29 9999914 97 9999981 56 9999929 50 4 48 9999903 21 9999957 59 30 6 9999934 9999954 90 9999921 9999980 9999978 9999929 9999904 9999948 56 9999991 9999944 18 14 77 9999938 81 9999936 9999955 72 0 9999940 9999921 54 9999932 57 80 9999901 9999923 30 9999957 9999948 36 10 9999995 9999942 9999971 65 9999947 9999954 48 88 9999963 24 9999972 9999975 9999908 24 4 81 38 24 9999902]
[9999916 9999907 9999923 9999948 17 74 9999990 9999991 9999924 9999936 25 25 25 11 25 98 9999954 15 33 9999958 9999979 9999946 9999957 9999932 13 9999971 9999988 9999941 79 9999915 9999929 9999961 9999971 9999948 9999961 60 96 9999960 9999907 29 30 9999943 94 9999944 9999904 52 9999944 9999934 8 99 7 9999997 9999949 86 9999972 44 0 9999930 9999989 14 43 70 6 12 14 12 33 86 9999960 37 20 9999960 7 9999911 9999953 9999936 9999981 91 9999943 28 6 9999972 9999992 9999909 9999972 9999926 20 54 9999936 9999966 3 14 9999942 9999963 9999951 49 9999972 9999953 9999951 9999992]
[95 11 9999900 9999995 9999907 7 42 16 9999906 9999918 9999947 9999902 9999904 9999958 9999914 9999926 9999902 9999899 16 9999929 8 57 9999943 9999978 9999938 9999968 9 9999925 9999964 38 9999962 80 45 65 50 10 9999977 60 9999936 13 61 9999952 9999925 9999990 92 9999955 23 9999979 9999977 9999979 9999923 3 9999916 62 68 9999949 26 98 56 43 9999905 35 47 9999926 9999959 90 43 9999987 75 29 25 63 91 33 15 9999960 9999938 81 9999915 9999975 15 9999994 9999950 9999967 20 88 51 9 62 5 22 53 9999910 9999949 9999954 9999968 56 20 9999945 82]
[9999955 9999908 82 9999952 9999994 90 41 9999962 9999929 11 42 9999920 9999949 1 46 9999943 9999924 15 9999955 9999919 94 13 50 9999977 30 9999933 9999945 67 89 9999943 9999984 9999993 90 9999949 92 40 21 53 17 53 38 5 48 9999936 16 3 53 12 9999931 89 9999969 89 9999902 70 9999947 17 9999948 9999920 33 9999901 9999912 9999951 47 97 9999991 50 9999932 80 9999949 9999916 32 9999939 9999981 9999903 57 40 88 9999925 43 9999992 9999945 49 56 9999953 9999911 95 74 30 9999925 9999985 13 9999948 7 37 19 10 9999937 57 95 9999947]
[9999950 9999913 9999961 29 9999922 87 9999899 71 9 87 63 8 9999958 71 69 54 16 69 9999905 33 9999924 9999946 9999901 13 34 9999975 36 9999903 14 8 9999979 9999965 67 9999925 9999927 9999911 9999901 62 9999904 18 40 9999971 8 9999961 9999964 29 9999908 84 69 3 9999995 9999907 47 9999929 9999917 57 9999952 48 33 9999919 76 9999974 9999912 62 9999948 40 9999972 88 9999915 99 9999940 9999969 9999973 9999921 9999973 58 9999971 9999899 9999990 9999987 81 9999922 71 9999990 9999924 9999980 9999944 55 94 67 61 9999934 26 48 55 79 19 9999946 22 9999901]
[0 5 29 9999956 9999966 83 9999958 91 87 9999931 9999922 33 9999910 9999915 9999910 97 9999983 34 9999901 89 88 88 9999986 43 49 9999928 9999917 9999952 44 9999978 60 9999982 9999988 9999945 9999923 9999937 9999949 29 9999980 56 34 9999991 79 9999919 95 77 9999907 20 9999940 9999911 9999899 49 9999981 9999918 87 9999980 9999921 9999969 9999975 59 9999965 9999987 95 9999962 9999970 16 9999996 9999966 82 89 66 9999968 9999947 9999930 9999944 9999939 9999991 56 82 94 59 9999988 9999928 9999918 27 20 9999968 9999961 44 22 34 9999992 11 9999952 48 9999938 21 9999996 58 53]
[27 9999935 9999958 81 80 89 9999952 28 29 88 26 18 61 85 9999938 9999924 76 49 47 9999990 9999992 9 9999953 9999919 9999962 96 62 21 24 9999906 9999994 9999916 57 52 65 99 9999954 99 61 83 9999955 13 9999980 24 9999968 9999959 98 9999975 87 9999994 9999970 5 5 54 75 9999987 9999912 9999934 9999946 76 9999990 27 9999904 39 9999909 9999905 9999928 36 21 9999935 43 9999932 50 43 9999929 9 9999928 9999962 34 9999987 11 9999905 55 15 39 24 9999917 2 36 9999992 14 66 7 91 1 9999903 14 42 85 37]
[86 9999902 9999901 19 9999914 11 9999988 9999920 14 32 45 38 40 25 79 30 9999973 9999929 9999983 9999913 87 9999930 47 67 9999996 9999966 9999986 11 96 91 92 9999931 43 9999911 9999947 25 35 48 40 9999997 9999925 9999913 9999912 43 9999986 9999915 9999995 9999925 50 9999917 25 9999941 9999923 9999980 93 15 9999941 14 67 66 31 9999918 9999906 9999915 9999923 9999972 9 9999985 45 70 0 6 10 23 9999964 9999912 9999996 18 9999977 95 9999921 9 47 9999919 24 93 15 16 69 9999969 9999967 19 9999978 44 9999942 9999911 9999984 23 82 9999923]
]