[[4 41 55 42 9999943 9999940 44 3 14 71 9999905 81 9999914 82 8 9999969 40 9999952 76 64 9999982 9999973 9999923 9999900 9999982 67 9999997 49 81 63 54 9999936 55 9999908 9999992 9999996 61 45 9999991 9999935 87 9999949 37 28 9999923 17 9999958 9999965 9 22 36 9999903 87 63 9999903 9999945 28 9999983 9999908 17 27 9999946 61 29 9999997 76 9999951 9999993 9999953 9999996 9999981 9999924 59 9999995 87 94 96 1 16 9999952 9999989 9999910 9999907 47 9999938 41 16 9999910 6 45 9999923 9999937 60 9999982 29 9999964 9999899 9999973 20 77]
[9999903 23 9999988 9999985 60 9999919 51 9999952 9999942 9999996 3 80 9999910 61 9999901 40 9999918 3 70 45 9999902 29 7 9999912 86 21 59 9999918 9999998 9999981 9999906 95 9999934 9999903 9999923 43 9999942 9999945 42 9999917 53 40 9999942 70 38 84 64 35 9999935 47 9999917 9999973 9999962 41 9999903 9999978 9999915 9999995 80 54 9999958 9999943 9999939 66 79 9999943 46 9999944 9999993 78 9999982 31 12 4 74 9999976 46 9999984 9999899 9999927 9999972 9999907 50 9999910 9999934 42 9999935 92 2 9999955 9999960 9999914 9999982 83 9999941 9999982 9999947 94 15 9999915]
[9999970 17 9999989 9999977 95 9999910 9999900 96 9999933 9999970 9999960 9999914 9999955 42 5 42 53 48 9999927 9999997 10 30 82 9999943 9999981 39 9999961 31 9999954 9999987 9999989 9999912 68 13 13 72 9999918 28 9999899 77 9999957 66 1 9999926 33 38 9999924 9999976 97 9999901 9999946 9999916 74 9999977 63 55 20 68 9999940 43 9999967 9999994 9999943 9999931 85 38 9999919 9999990 78 78 9999953 9999911 11 9999934 71 73 9999961 21 90 9999990 9999952 9999981 9999977 33 30 9999907 77 67 28 9999933 9999937 9999942 30 9999961 9999994 95 9999922 9999979 9999910 0]
[9999916 9999955 9999909 84 26 9999966 42 9999983 9999947 75 22 96 23 9999992 41 9999923 9999913 55 9999968 9999923 9999985 0 9999972 0 9999939 13 78 9999978 9999975 9999900 52 7 9999950 6 71 80 9999952 82 9999997 9999951 9999981 9999914 9999939 9999911 40 9999994 46 9999947 94 9999993 7 9999983 78 9999996 9999950 9999918 9999957 9999991 81 9999975 53 8 90 12 5 53 26 9999932 9999978 71 73 80 72 93 65 9999927 9999973 13 9999936 37 9999947 9999983 2 24 92 56 9999935 20 8 9999962 86 9999966 8 9999979 9999959 44 9999958 13 9999953 41]
[48 62 77 9999957 9999906 93 9999985 17 9999928 9999998 7 9999970 32 9999933 15 81 33 80 9999961 9999955 82 9999899 5 9999990 9999936 56 91 17 9999978 9999995 20 38 58 9999957 9999969 9999979 9999979 39 46 9999986 89 9999952 9999998 9999975 0 9999947 9999928 9 9999988 70 35 42 9999917 9999950 53 85 9999949 83 69 21 9999976 4 46 9999984 9999982 88 9999913 9999905 9999980 9999902 62 24 9999929 9999957 9999935 84 18 58 5 70 9999977 9999967 45 70 9999962 9999988 9999905 9999978 9999968 33 94 9999905 28 59 54 0 9999971 9999907 31 9999911]
[9999971 19 27 9999936 18 9999925 3 9999931 87 14 9999984 9999995 9999925 15 9999906 97 9999900 9999958 9999970 9999915 60 64 18 9999991 56 9999964 18 96 49 74 9999941 89 9999900 9999903 97 73 9999967 9999968 9999961 9999962 57 50 9999968 9999910 9999928 84 48 24 44 23 9999950 82 4 42 9999921 61 39 84 9999963 9999969 9999971 34 9999941 9999908 58 9999929 96 35 23 9999975 71 9999986 41 95 9999969 9999937 15 49 9999990 47 9999931 65 6 9999907 1 45 7 9999936 94 9999925 34 88 9999975 9999971 82 9999903 21 9999994 98 9999946]
[9999970 9999978 9999902 50 9999957 9999993 7 31 9999983 18 9999911 9999965 46 83 35 9999958 9999942 48 9999944 81 6 31 9999962 9999917 9999964 9999934 54 33 9999925 9999934 97 9999902 9999942 9999903 43 60 9999947 9999950 9999922 52 4 9999994 2 9999936 9999926 26 9999969 19 5 9999931 9999901 22 36 71 84 9999948 9999973 62 9999907 9999968 91 59 4 9999906 56 9999983 95 9999924 9999943 61 9999949 9999905 19 83 8 9999985 9999914 9999935 81 9999926 9999911 56 65 47 9999995 44 35 7 9999950 31 25 9999936 75 9999967 49 9999964 62 15 9999909 9999983]
[83 90 50 97 96 98 9999981 9999946 9999987 9999979 9999964 55 9999976 9999923 72 9999990 9999978 9999964 9999956 92 9999913 9999902 74 9999915 69 2 6 52 87 22 9999951 16 17 81 9999991 95 45 86 9999993 9999990 79 91 9999929 27 4 18 9999921 98 32 9999928 9 9999926 9999950 11 32 9999905 9999943 60 9999989 9999956 9999998 26 12 9999927 50 9999925 9999971 9999997 47 9999975 17 12 9999961 9999970 35 87 9999979 9999986 9999905 5 57 60 92 22 9999946 25 9999938 9999915 9999951 28 9999951 65 9999966 3 9999976 9999928 16 9999906 53 82]
[22 9999962 9999941 59 23 87 44 11 9999963 4 9999922 9999934 9999925 9999977 9999975 9999961 80 9999946 94 48 60 9999977 9999934 8 78 92 9999906 75 9999971 9999998 2 97 6 9999969 9999982 17 9999982 9999967 67 9999966 9999955 9999956 90 40 45 90 9999986 9999984 9999935 83 20 9999916 31 9999937 9999923 9999934 39 9999980 9999904 9999916 82 9999972 27 9999924 9999995 9999907 9999911 15 9999922 47 61 25 53 94 98 9999930 9999936 9999992 62 65 9999962 40 9999899 9999908 9999923 9999982 18 9999932 67 9999992 9999916 9999957 9999932 9999996 76 9999913 9999945 29 9999981 36]
[93 26 9999961 9999927 9999957 53 9999959 9999924 9999914 13 87 28 9999981 42 9999905 9999983 89 12 9999916 9999950 51 52 64 97 9999967 9999942 38 9999923 9999907 10 9999913 24 39 9999929 14 55 9999907 9999939 9999966 33 9999909 0 9999996 9999938 62 72 85 52 9999904 9999939 9999955 9999919 9999968 48 9999940 26 43 9999974 9999956 9999970 9999910 9999967 64 78 9999947 9999928 9999902 2 9999906 3 55 37 9999919 9999919 9999983 9999954 9999981 5 9999899 33 83 17 9999954 9999913 70 9999977 9999929 72 60 9999976 37 86 48 9999992 91 9999977 9999951 81 87 9999970]
[41 9999932 9999953 19 9999919 31 9999942 20 1 19 38 10 33 13 48 9999955 9999939 77 9999912 30 9999956 9999945 9999945 87 9999953 19 69 76 66 97 64 9999903 9999981 40 9999940 47 67 97 9999915 10 9999923 82 6 9999908 9999995 9999960 27 9999940 9999963 9999958 9999921 9999984 9999989 9999940 45 55 9999910 9999995 44 9999907 9999986 23 9999921 9999961 9999935 9999945 15 10 81 58 32 22 9999909 31 9999985 9999920 9999964 9999911 52 9999915 25 74 9999982 65 54 52 9999960 35 64 9999903 9999970 23 48 47 65 33 65 9999940 88 86]
[9999985 57 9999968 96 9999930 81 9999902 9999944 89 9999929 9999969 67 12 9999929 89 9999992 79 32 9999910 9999963 94 9999982 10 9999975 9999965 89 9999976 54 9999911 9999958 19 38 9999993 9999938 7 50 50 9999941 9999951 68 9999920 69 78 37 9999971 11 9999901 30 9999910 15 9999948 9999917 9999907 97 9999938 96 9999974 9999921 9999963 9999983 9999991 44 63 9999960 9999917 85 9999998 39 9999980 9999945 9999951 9999989 9999905 70 77 24 77 9999951 62 9999971 0 18 56 9999949 9999966 97 9999914 50 92 22 23 49 13 9999949 9999906 9999964 6 80 9999919 11]
[87 52 9999943 9999951 9999965 9999955 9999930 11 87 9999925 9999950 52 9999952 24 9999959 9999930 9999961 9999980 9999915 9999995 9999946 9999910 9999986 9999958 9999959 12 62 9999925 12 31 9999955 9999966 9999900 56 9999947 9999944 79 9999908 24 57 9999997 30 69 9999958 9999992 9999936 40 9999930 40 9999978 9999929 9999971 79 89 56 9999925 13 22 46 9999900 15 25 47 9999948 36 9999954 54 79 9999954 64 9999980 12 9999933 9999909 9999980 9999937 9999973 9999954 9999943 9999938 1 2 9999988 9999966 9999973 9999995 9999919 9999906 33 86 9 9999966 9999944 9999988 74 77 9999915 9999954 9999958 9999994]
[90 9999975 58 9999903 19 9999917 9999901 9999929 9999966 28 25 86 9999906 9999899 87 9999985 83 23 9999973 9999976 31 84 85 9999990 9999924 74 9999944 9999971 37 9999955 9999970 9999905 87 9999905 9999956 9999916 88 9999956 9999998 9999901 9999967 39 9999904 79 9999995 9999982 71 7 9999918 9999919 76 46 1 58 9999981 62 9999953 9999948 25 19 9999964 9999906 12 5 9999926 31 9999929 62 9999966 9999987 35 52 59 39 78 99 9999989 9999976 20 9999905 9999900 9999981 9999968 36 50 2 27 79 74 73 96 94 9999904 99 9999984 9999983 9999936 87 10 3]
[9999934 10 59 17 88 9999985 9999992 25 8 40 9999960 58 15 9999981 38 9999954 9999942 9999989 9999906 65 9999902 9999950 62 9999919 80 95 9999955 51 50 94 29 54 27 8 9999988 33 9999941 77 9999983 9999988 9999944 9999961 9999994 9999929 9999966 51 9999935 35 64 9999922 41 98 9999926 55 9999944 63 9999905 9999942 18 9999934 98 15 24 46 61 48 9999942 62 34 9999974 3 9999978 19 9999919 9999936 2 11 9999974 92 68 9999966 4 9999944 9999907 9999920 9999975 77 56 9999978 9999960 9999943 83 86 20 9999909 9999932 9999971 9999965 50 52]
[9999902 54 89 9999926 47 9999899 9999917 9999914 79 9999950 63 9999986 71 64 58 9999968 9999959 9999917 61 9999948 9999905 15 5 39 77 9999946 9999961 9999993 9999965 82 93 9999940 97 9999935 9999934 74 97 99 9999942 9999940 9999956 28 9999992 13 50 52 9999944 9999913 6 30 9999923 68 9999932 9999976 27 9999968 9999950 6 53 65 9999990 9999976 38 57 9999951 9999971 66 9999962 22 9999931 9999900 28 9999956 9999978 9999949 95 71 17 51 34 18 43 9999957 49 9999966 9999902 9999964 99 9999996 94 9999991 9999915 74 9999921 36 42 92 37 52 9999939]
[9999958 52 69 9999925 26 52 95 9999963 9999915 92 98 47 36 36 9999918 9999928 15 21 9999919 9999972 63 9 9 91 86 16 29 9999911 43 96 9999902 38 9999968 85 59 29 9999971 9999904 9999994 42 9999932 34 9999990 98 9999974 71 9999923 9999952 9999986 42 9999903 96 28 27 51 47 84 10 9999942 9999940 9999993 9999969 9999978 9999958 9999942 9999937 9999947 1 4 68 50 87 59 73 9999947 9999911 9999959 2 9999922 9999907 53 9999922 39 9999991 9999930 9999965 9999953 8 85 9999925 93 60 65 9999981 39 79 45 9999928 9999977 19]
[34 5 85 99 31 68 9999964 86 7 9999986 63 9999976 47 9999901 63 86 47 13 73 9999989 0 9999939 18 17 70 9999959 70 9999907 63 9999940 25 9999952 56 9999910 68 9999998 85 9999948 9999921 12 93 8 9999927 32 9999943 44 34 9999904 9999978 9999951 9999954 9999915 9999959 9999935 9999904 27 9999990 9999984 4 9999954 9999991 9999941 79 95 9999947 40 9999969 35 59 9999991 9999961 49 95 93 9999998 22 64 77 9999992 9999953 45 94 9999942 59 99 28 9999952 90 26 9999903 9999962 9999933 14 55 9999960 9999940 9999994 9999904 9999900 1]
[9999936 9999916 13 96 60 92 76 29 98 9999958 9999965 77 9999980 9999915 19 9999956 39 9999964 87 63 9999925 9999917 9999916 9999974 16 9999948 55 9999948 9999969 9999979 74 49 89 2 9999961 57 9999944 89 9999972 9999936 45 9999958 68 9999966 9999983 9999956 28 16 19 9999948 9999936 46 9999902 9999928 9999910 0 9999925 68 7 44 39 70 9999907 84 9999916 9999925 9999980 8 4 77 41 9999910 9999932 9999983 9999922 9999994 22 48 9999939 6 9999984 29 9999921 82 9999992 38 98 9999908 9999922 24 9999918 9999928 9999916 87 9999927 9999918 9999962 49 47 9999989]
[9999958 50 9999925 83 9999907 83 9999985 73 61 17 16 9999988 88 38 9999905 31 37 73 26 9999908 96 14 9999926 85 83 9999931 16 78 9999907 10 51 9999922 53 23 9999900 51 9999983 9999915 9999910 9999982 9999932 9999922 9999903 13 9999959 9999979 9999901 10 9999924 9999902 9999958 9999991 30 9999913 9999926 9999905 9999954 9999975 9999918 9999968 9999933 40 9999937 45 9999923 9999910 9999931 9999927 9999933 9999995 9999995 9999941 9999935 9999964 9999903 9999902 71 9999952 83 9999998 9 9999921 9999933 37 37 35 62 9999990 37 9999949 9999960 9999942 9999921 9999913 9999929 9999912 9999914 70 9999945 9999979]
[5 93 80 81 88 9999911 13 9999949 72 84 77 34 42 80 87 9999940 9999951 9999933 9999985 78 9999991 38 72 16 9999959 9999915 34 9999975 9999907 98 69 9999930 5 78 67 11 92 61 9999986 9999903 41 24 9999931 84 9999974 9999959 9999966 63 87 9999917 9999920 9999956 23 9999938 9999959 15 85 79 9999985 87 9999978 9999979 73 9999908 40 51 45 26 76 97 9999907 9999990 9999997 54 29 9999933 9999942 93 9999972 69 9999945 9999997 53 9999950 9999910 9999983 9999993 0 9999949 9999980 9999993 25 9999909 9999964 9999947 51 81 9999910 73 49]
[9999990 9999959 9999997 48 25 9999968 9999914 37 66 3 9999954 9999978 9999903 9999962 30 17 52 73 9999934 9999984 9999967 9999900 64 9999956 9999902 9999945 9999903 28 9999902 40 22 9999930 9999914 9999990 83 9999958 42 9999951 91 9999977 84 9999907 9999936 18 51 17 9 80 1 9999932 32 9999928 9999940 83 41 9999932 73 71 40 9999913 22 85 9999966 86 27 9999976 9999935 7 13 48 67 16 9999991 9999971 9999972 9999940 9999932 66 59 9999912 20 9999912 9999902 9999984 0 9999911 9999926 9999934 9999945 79 52 9999944 57 14 34 93 48 9999970 9999971 9999950]
[16 9999943 20 9999967 94 84 9999994 9999935 9999950 4 9999958 9999963 2 76 4 9999936 9999962 63 9999952 9999908 92 34 59 9999908 9999914 9999922 9999961 81 89 80 97 8 60 74 9999919 9999902 86 9999952 9999957 61 67 9999928 9999988 9999937 83 9999985 60 60 68 9999974 90 26 91 62 9999921 9999952 53 70 9999982 98 9999944 9999929 9999926 68 21 65 11 9999968 73 66 3 99 70 9999929 73 85 9999938 9999951 10 9999955 9999975 85 9999925 9999903 3 9999942 9999913 9999921 9999939 9999969 77 9999996 60 28 41 9999971 51 9999983 89 9999907]
[72 43 9999978 52 46 9999900 6 18 9999922 65 21 9999965 9999965 9999980 50 9999979 9999921 21 9999959 47 9999977 9999913 9999911 3 9999948 9999903 9999924 9999958 74 9999998 9999956 71 23 9999960 67 75 9999930 9999986 87 9999982 9999914 9999953 9999929 1 20 9999927 94 84 80 9999900 9999984 9999901 9999974 9999986 89 35 9999923 9999969 9999929 9999982 72 9999928 9999987 9999962 10 98 36 11 9999954 1 54 39 9999915 16 9999917 9999903 9999992 9999997 29 9999947 9999900 41 9999975 34 14 4 19 9999934 24 13 85 28 9999940 57 91 9999959 9999961 38 9999994 9999993]
[9999906 49 9999957 92 9999914 9999917 9999980 7 72 9999946 9999984 28 9999921 9999987 84 9999909 6 54 9999991 21 39 9999906 9999911 9999950 22 16 9999936 20 93 9999986 9999940 9999963 21 9999931 9999912 9999965 46 9999949 89 9999932 83 27 78 65 44 83 31 64 2 9999983 74 63 9999998 9999971 8 47 29 48 9999908 9 9999984 45 9999948 56 66 9999990 11 9999927 97 9999929 53 29 9999986 9999972 9999997 9999994 40 66 7 9999963 9999944 9999932 65 47 48 40 70 9999915 2 9999947 9999959 34 9999990 61 9999939 9999944 9999937 9999928 9999970 23]
[9999992 9999915 9999987 9999954 9999977 9999997 9999945 9999908 9999957 83 17 9999961 75 9999954 9999936 75 68 9999947 9999906 9999977 9999985 9999930 15 8 47 45 77 39 9999902 53 36 1 7 93 52 31 99 9999917 68 95 9999907 9999931 87 27 9999986 58 9999923 9999974 9999945 9999909 9999987 9999949 94 7 94 87 81 9999945 9999993 9999933 9999967 17 9999989 9999975 9999912 1 20 97 90 58 74 9999935 40 9999946 43 92 75 82 9999980 9999968 9999962 12 9999927 67 9999983 55 16 9999909 9999944 26 72 94 9999975 41 9999988 9999934 23 95 9999904 9999932]
[5 9999990 26 38 29 73 9999939 9999948 9999988 9999986 9999995 19 47 9999960 25 18 9999920 9999908 53 73 2 9999989 82 19 9999992 9999940 9999965 69 9999996 63 9999918 87 9999933 30 78 9999949 9999927 9999975 9999931 9999908 15 9999900 9999955 9999903 51 9999911 9999934 81 40 9999998 68 9999902 4 85 9999991 9999984 73 12 12 9999937 9999975 9999953 9999967 81 65 9999942 88 11 16 9999986 9999915 83 9999927 9999942 4 76 9999935 9999936 10 97 27 9999943 9999973 9999934 57 9999917 9999943 9999934 9999901 9999906 9999982 31 88 9999923 9999927 9999977 9999986 60 9999927 84]
[9999914 9999956 98 44 9999978 9999926 26 46 9999992 84 9999921 95 64 98 41 9999961 14 9999909 95 22 9999953 24 9999946 9999973 31 9999962 81 94 67 54 9999938 9999955 9999936 9999962 9999937 51 28 9999954 9999921 72 9999920 85 52 39 9999977 9999942 4 76 8 9999985 9999923 53 9999925 83 33 9999998 9999931 19 60 38 17 32 52 89 10 71 64 18 11 9999994 74 9999994 46 92 76 9999941 63 9999953 9999947 90 9999940 96 57 86 6 9999932 9999964 60 9999927 69 9999933 9999901 9999939 9999932 9999927 4 46 40 67 9999910]
[9999932 9999944 34 89 28 9999985 36 9999952 3 9999957 45 9999988 9999926 9999975 9999932 45 50 65 9999904 72 9999963 9999901 96 9999950 9999942 74 9999935 2 9999901 56 9999973 88 9999915 9999939 76 9999979 9999995 9999959 9999963 9999953 31 15 63 9999928 4 72 3 59 14 9999919 9999956 74 9999973 5 90 9999913 9999937 9999901 90 92 55 83 9999966 57 9999962 9999906 9999968 84 9999917 61 6 83 74 9999963 9999908 67 32 9999945 51 9999938 9999966 84 92 58 9999919 24 34 9999951 9999927 9999980 96 70 12 47 9999988 9999980 9999901 41 3 9999990]
[90 9999942 9999965 20 13 9999935 92 9999981 92 9999990 9999937 9999967 9999975 9999987 52 6 33 84 39 9999994 9999934 9999951 9999915 96 9999984 9999967 9999974 60 65 9999947 4 36 9999934 9999976 9999935 59 9999976 9999995 9999969 93 9999991 9999967 9999959 35 9999906 75 9999989 9999983 74 9999950 80 39 9999989 9999973 72 9999912 9999960 47 9999976 9999987 9999927 92 7 9999956 63 36 4 84 8 37 9999995 9999933 9999964 39 9999984 13 36 9999983 85 91 9999980 9999982 93 9999934 9999954 9999903 9999975 21 81 9999955 49 9999962 9999953 95 92 14 9999998 9999979 64 9999984]
[9999931 9999954 95 9999979 31 17 9999954 9999951 9999982 9999933 9999930 69 9999938 81 9999946 19 9999916 9999970 9999965 9999910 64 9999989 79 9999956 9999925 71 97 92 44 9999942 9999940 9999981 9999899 9999935 73 54 9999940 9999965 9999946 9999988 55 59 9999915 2 9999900 86 36 17 9999983 75 9 48 9999909 9999977 56 75 63 14 72 9999901 39 9999924 0 50 9999939 74 9999934 37 29 9999940 15 69 61 9999976 20 9999969 45 9999950 9999968 54 9999973 22 9999980 9999901 9999969 79 9999914 69 9999964 9999957 80 31 80 9999900 9999923 0 53 9999906 37 9999943]
[62 9999931 48 68 9999978 9999934 9999914 9999947 1 83 9999985 37 25 9999989 9999936 60 85 9999967 9999958 9999912 24 9999984 9999911 12 9999916 9999973 61 9999954 9999958 63 90 40 14 9999997 9999944 9999969 9999973 9999970 63 23 9999979 9999965 78 6 74 9999957 9999921 17 9999925 1 9999976 42 51 81 83 60 77 9999939 9999993 9999937 9999899 9999968 27 52 9999924 9999911 9999926 53 9999906 51 30 55 9999988 9999946 9999946 9999916 26 9999997 58 9999911 9999941 9999918 9999908 65 39 58 65 81 48 9999952 9999977 9999925 9999984 9999949 9999910 0 76 9999975 9999975 78]
[9999985 9999990 9999997 9999928 9999967 9999974 87 54 9999925 9999933 13 46 36 87 9999913 76 40 9999924 85 9999955 73 9999968 9999940 9999945 82 9999983 47 49 9999903 9999939 43 9999951 28 54 9999979 9999939 16 64 96 9999923 97 93 9999931 9999930 9999985 34 9999987 70 9999979 51 6 75 64 9999998 33 6 77 9999950 98 9999981 9999922 0 93 9999967 9999993 65 9999949 9999955 28 21 9999956 82 42 9999996 9999987 9999946 32 57 9999937 9999978 85 9999981 95 9999902 9999907 58 55 54 9999911 40 96 5 62 0 9999920 9999934 67 74 96 31]
[9999926 82 42 58 5 9999939 9999994 11 9999981 9999939 9999915 9999997 8 9999900 39 19 73 96 45 56 65 59 9999984 30 70 12 81 56 18 1 99 9999925 9999998 66 9999968 96 21 9999970 42 9999993 9999972 9999912 63 9999957 27 9999986 9999916 72 11 95 9999963 5 89 81 20 19 9999924 15 8 74 35 22 9999922 9999899 9999961 9999988 9999945 9999968 31 9999909 9999915 40 9999910 34 74 9999980 93 77 9999973 9999984 9999964 3 9999927 9999918 9999989 9999990 85 9999937 9999934 93 89 9999975 48 70 9999907 73 9999957 9999927 6 9999944]
[71 9999925 9999967 9999906 81 9999946 9999910 40 50 9999949 9999987 9999916 9999924 9999923 75 65 64 72 9999931 9999936 0 34 59 24 58 19 31 9999925 5 9999924 83 46 9999988 81 44 27 18 88 43 9999937 49 9999914 59 39 9999903 29 77 9999911 9 9999899 31 47 42 9999902 78 61 38 9999973 9999930 30 9999922 62 80 9999910 9999947 42 7 74 9999972 9 9999944 9999911 9999908 51 66 9999901 67 48 9999957 42 37 30 62 38 9999998 9999997 68 9999961 9999976 9999978 55 9999994 24 12 89 9999942 9999935 9999921 9999908 58]
[9999993 9999923 9999939 9999909 68 86 15 9999952 9999899 15 57 9999937 80 74 9999916 92 9999947 9999991 9999994 9999919 9 34 1 66 9999963 61 92 9999904 9999983 9999937 33 9999914 64 9999980 9999904 9999981 9999948 9999984 53 5 9999996 9999906 46 37 9999913 81 16 84 88 9999992 9999903 9999962 40 9999932 9999941 9999956 15 64 90 9999990 21 74 9999996 12 68 63 9999922 9999973 9999982 48 14 47 58 9999986 9999925 9999996 79 16 60 9999930 26 87 76 49 75 32 9999977 9999909 9999925 84 9999905 9999957 9999932 9999915 46 9999989 60 67 9999998 3]
[55 13 9999905 9999981 46 63 94 9999957 9999916 9999962 9999980 21 9999920 9999995 9999902 30 9999972 1 2 9999929 32 70 18 9999990 49 55 9999931 1 9999957 88 62 9999963 9999987 9999937 9999909 9999976 9999987 9999980 9999952 29 2 9999951 60 59 25 72 13 9999986 9999961 9999964 79 9999917 75 9999945 9999911 9999914 9999956 9 9999963 83 11 5 9999952 97 9999908 63 43 36 61 12 9999938 9999901 30 9999985 9999942 96 36 49 9999993 9999977 9999903 9999974 9999943 30 9999969 9999929 65 5 9999915 9999984 9999968 9999925 85 9999926 75 9999965 89 9999984 30 23]
[9999948 9999989 69 9999981 9999904 51 9999975 27 14 40 9999911 27 9999950 9999987 9999933 97 87 9999947 9999940 9999973 9999965 33 85 17 86 32 31 9999959 30 80 9999921 9999936 9999929 9999904 9999933 51 6 40 37 31 82 9999950 9999977 9999919 8 81 9999986 71 9999909 20 9999905 68 9999920 79 9999991 8 9999988 9999988 9999979 85 9999921 67 75 9999933 9999947 60 9999929 20 9999927 9999904 9999930 9999956 33 9999914 9999996 9999906 9999958 9999983 9999942 9999952 45 9999975 9 35 6 9999902 9999985 9999915 9999983 59 9999968 22 57 46 9999970 9999922 9999985 9999927 20 77]
[9999970 9999969 7 9999943 55 9999911 37 9999947 20 9999935 9999978 9999902 74 9999899 9999992 46 55 9999966 64 9999984 70 92 9999927 9999941 2 8 9999909 51 9999908 18 5 90 36 9999913 11 9999995 94 9999963 85 51 53 9999993 9999964 9999986 34 63 27 49 9999982 11 9999920 9999905 9999978 54 9999944 21 9999951 22 9999984 93 9999982 31 47 9999989 9999934 9999946 9999903 0 9999923 9999918 69 9999975 9999935 85 62 25 9999926 9999957 68 84 9999989 56 9999948 9999970 9999976 19 32 66 69 7 7 9999963 30 8 9999908 50 9999924 83 9999966 74]
[9999906 9999955 9999903 9999963 62 49 74 9999985 42 9 94 91 9999941 38 49 84 9999956 80 9999959 9 9999935 37 40 9999965 9999984 91 10 9999945 9999927 94 9999915 9999953 9999994 99 9999951 39 9999958 38 9999984 24 9999904 9999978 56 87 88 9999996 54 9999953 13 9999972 98 37 75 4 97 9999971 9999995 58 9999972 6 9999947 9999914 9999900 82 9999945 9999989 63 55 9999998 59 9999904 9999899 9999974 9999983 9999956 9999901 9999930 64 9999997 97 47 9999926 49 9999955 9999998 9999961 0 23 9999991 9999988 9999993 9999929 73 60 97 1 9999912 9999985 28 9999940]
[9999974 9999967 67 21 89 27 8 9999921 78 9999899 9999962 9999983 43 9999972 9999900 9999995 69 18 9999939 9999944 9999900 54 68 59 9999992 9999965 45 99 9999919 9999936 9999997 9999914 95 24 11 70 64 9999946 93 33 14 9999912 9999942 9999970 9999921 46 9999917 77 59 9999984 9999983 51 0 39 9999942 85 94 9999957 9999913 9999942 31 75 98 9999990 9999930 9999953 78 57 9999996 9999903 9999945 56 94 6 9999934 9999905 9999978 12 9999983 91 89 9999925 53 9999965 9999955 3 28 9999964 31 35 9999954 9999907 9999952 9999956 9999981 20 3 53 62 29]
[98 0 47 4 9999952 76 82 38 9999983 9999925 9999932 9999936 37 60 8 9999914 9999923 57 9999974 9999993 9999929 82 92 20 95 91 9999972 29 79 9999950 9999958 43 96 15 74 99 25 15 9999938 9999971 9999978 5 6 9999973 93 26 95 27 86 92 9999933 60 88 9999910 9999951 75 32 9999992 9999976 9999915 9999916 9999928 84 37 9999948 9999907 9999958 9999969 9999988 83 29 45 9999979 92 84 53 29 95 9999965 9999919 95 9999992 9999926 95 63 8 17 9999972 9999955 25 55 61 9999965 9999926 9999930 9999985 9999914 9 67 40]
[66 9999948 9999909 2 75 20 48 45 9999930 52 9999997 9999951 15 9999959 9999931 9999967 9999918 99 9999943 9999919 56 51 36 42 9999987 9999933 72 60 9999992 93 9999977 9999977 72 0 9999966 9999943 9999944 72 9999914 9999932 9999968 9999936 38 81 9999957 9999978 92 97 38 9999918 89 9999938 9999916 56 9999922 9999969 54 21 92 9999970 9999916 50 19 9999927 9999994 9999905 57 9999934 27 9999970 39 9999924 9999919 31 9999932 9999979 9999952 9999903 21 9999981 9999923 22 56 9999948 9999915 9999997 9999920 9999925 9999952 70 9999916 26 52 9999916 71 9999925 9 9999977 34 9999936]
[9999936 9999995 24 8 9999977 90 42 63 75 9999903 9999918 18 41 47 15 3 9999936 72 9999929 69 61 33 9999963 89 58 4 9999944 7 16 9999984 9999934 29 69 36 9999923 9999944 19 9999909 9999920 90 9999924 9999913 82 9999907 9999926 73 9999909 32 9999955 2 44 4 9999924 9999939 9999916 38 9999918 9999995 2 84 9999944 60 2 59 56 3 9999931 9999945 24 9999914 57 9999913 9999937 9999921 9999980 9999986 9999958 61 33 9999936 9999983 65 43 9999926 9999919 92 94 18 9999990 9999940 76 87 9999983 80 48 33 9999978 26 9999977 9999975]
[9999984 18 9999936 9999982 9999933 9999989 49 7 19 85 7 7 95 9999957 71 9999969 9999934 9999946 9999915 53 31 53 19 23 17 9999995 9999917 9999967 66 9999948 27 75 9999900 0 9999959 9999935 70 9999979 17 75 9999953 47 87 9999970 79 83 4 9999934 9999967 25 9999972 9999914 18 97 58 93 9999996 74 80 90 33 9999936 9999956 29 18 90 10 65 9999947 9999981 9999938 9999933 50 69 15 9999978 9999960 9999964 71 9999991 17 9999913 74 21 2 71 9999903 9999994 8 15 59 76 9999916 9999962 9999944 9999940 87 10 55 9999941]
[17 9999952 95 31 48 83 9999900 9999929 9999925 9999901 55 9999905 32 9999951 20 63 65 9999973 12 9999951 9999962 47 8 71 9999994 14 9999919 45 76 9999964 9999911 85 9999899 81 9999972 9999961 80 86 20 39 9999922 9999915 9999915 9999970 35 42 51 9999938 79 24 84 10 61 5 9999964 9999984 9999930 9999907 9999972 9999904 52 36 36 9999904 94 56 47 9999944 9999912 9999959 83 79 91 15 9999940 9999903 9999964 91 61 51 9999933 9999938 48 43 9999953 41 9999929 60 9999923 53 53 22 9999980 9999986 95 9999984 19 9999954 9999979 9999968]
[9999907 9999951 85 9999998 54 13 70 9999901 9999975 9999988 93 33 9999913 21 21 9999976 57 9999932 9999957 9999949 9999936 51 9999941 78 84 9999942 97 9999939 85 97 9999926 9999904 9999997 93 70 70 18 9999992 9999928 9999955 9999913 40 9999974 6 9999960 9999930 9999928 9999975 7 9999915 9999950 9999934 5 53 9999986 9999944 9999943 78 63 3 57 21 9999986 50 9999982 9999902 7 9999976 9999936 87 32 37 9999909 60 63 31 9999946 68 27 50 69 9999903 9999940 9999970 9999977 32 9999979 77 9999957 9999997 27 41 13 9999925 7 30 9999941 23 9999976 33]
[99 9999951 9999987 9999955 99 15 9999951 62 9999900 9999925 9999946 76 9999947 9999930 51 9999985 9999931 9999980 88 14 9999957 9999941 9999984 3 29 9999930 9999968 21 9999931 51 9999934 89 9999903 72 41 30 9999939 17 9999902 88 9999900 9999998 9999957 9999946 9999951 48 51 9999956 9999944 9999970 91 98 22 59 63 89 94 64 9999945 92 61 9999948 9999904 9999967 9999945 9999942 14 24 9999903 68 39 30 37 9999939 9999939 9999951 11 55 98 98 9999929 36 13 9999901 84 9999912 16 9999916 73 85 48 38 24 90 9999964 9999935 9999968 40 9999951 29]
[9999938 9999921 43 9999907 16 9999978 36 9999951 29 9999932 9999953 9999930 60 81 50 8 9999951 9999983 9999936 97 9999976 9999951 95 13 9999935 9999925 9999993 9999911 33 78 9999917 56 9999945 9999975 76 9999908 9999993 9999930 93 79 45 18 91 9999989 9999972 9999913 3 9999913 9999996 69 9999968 87 79 42 9999952 9999972 9999942 36 9999915 79 36 9999954 9999919 9999918 9999899 76 79 68 72 9999917 96 32 9999952 12 10 9999997 4 5 9999980 88 9999982 9999962 23 2 24 76 80 71 37 9999948 47 28 58 94 9999952 9999985 78 71 9999945 53]
[95 19 55 84 57 9999939 69 9999916 70 9999913 9999980 75 73 26 71 9999903 20 36 37 9999967 57 9999982 9999900 9999914 73 10 9999985 55 9999989 9999921 9999909 83 52 9999945 37 71 27 9999992 61 9999961 19 9999947 9999962 16 76 9999991 54 46 14 9999967 95 42 9999904 59 48 9999910 9999983 9999974 85 72 9999917 42 9999942 9999962 14 14 9999922 9999955 9999922 9999942 9999974 45 20 7 9999970 9999934 9999924 63 47 5 9999912 96 9999988 65 60 9999900 36 13 98 0 54 9999986 9999902 9999904 9999972 9999952 9999981 35 57 67]
[69 38 9999916 12 9999936 9999966 37 9999901 9999913 9999966 9999956 9999917 26 9999924 9999974 76 9999903 95 3 9999899 84 15 9 41 16 9999983 9999936 91 42 92 9999937 66 44 9999904 9999901 11 9999965 15 9999922 63 78 9999957 8 9999942 9999978 0 37 9999930 9999966 9999992 9999953 9999915 1 9999995 9999917 9999921 9999900 78 0 9999980 9999944 9999935 37 9999947 9999930 58 9999903 9999997 76 33 0 21 96 80 9999932 9999982 9999929 10 69 9999959 10 44 26 19 9999958 11 9999955 36 77 79 64 16 9999949 90 9999992 89 91 19 9999902 40]
[9999947 31 72 9999942 26 9999937 9999962 74 73 9999968 4 9999983 9999959 9999932 72 9999968 9999934 9999902 30 54 64 9999926 85 9999913 94 9999968 14 9999945 9999956 56 9999954 9999904 94 9999921 85 9999995 9999925 9999956 49 75 9999968 9999977 9999952 9999980 30 98 0 9999985 9999945 61 9999940 9999965 66 9999963 9999942 9999988 9999958 9999925 38 9999962 9999905 68 82 9999980 42 9999947 42 9999920 9999923 9999913 14 11 44 95 9999915 37 9999961 9999971 41 9999919 27 9999992 9999975 59 96 9999901 9999925 9999901 9999961 94 63 27 9999933 94 31 9999976 9999992 9999913 9999967 9999977]
[9999929 9999984 9999902 9999982 9999996 9999949 9999961 9999926 9999969 9999946 9999936 74 68 22 9999902 9999975 9999988 9999952 98 9999962 95 1 61 9999971 9999968 9999924 57 99 54 81 9999984 89 6 26 9999992 9999998 9999961 9999996 84 9999899 82 80 9999914 9999957 9999907 1 9999993 9999956 9999988 77 9999900 4 52 9999905 9999928 9999899 94 39 9999929 9999945 23 9999928 22 9999992 88 89 9999913 9999918 13 83 9999951 36 9999976 26 9999908 9999937 69 92 58 9999916 9999966 9999924 9999988 19 9999906 28 9999936 70 10 9999960 9999974 9999930 9999952 16 19 9999997 60 35 9999936 9999979]
[47 20 69 46 9999992 67 9999986 21 88 41 78 27 9999911 59 9999979 9999907 36 9999965 82 38 9999913 9999955 72 9999912 8 74 38 63 77 17 9999973 9999909 17 70 9999926 16 10 72 9999947 9999906 9999982 11 9999977 9999937 66 0 9999953 61 53 9999904 9999924 9999967 0 9999981 9999912 9999949 9999959 36 61 80 9999903 38 16 33 21 21 9999927 60 7 1 9999921 78 97 60 57 9999939 66 54 9999981 47 4 9999905 9999971 9999936 73 9999996 0 9999937 86 9999907 56 25 9999931 9999995 9999908 9999909 73 64 74 9999994]
[5 73 68 9999980 9999959 43 9999992 9999984 37 9999907 9999982 9999911 9999936 9999954 14 59 9999983 9999963 93 70 9999908 9999982 53 52 46 9999977 9999971 9999920 26 71 9999908 56 9999939 9999974 9999973 15 9999960 42 72 9999941 76 77 30 32 9999996 18 9999945 9999926 9999930 9999976 9999976 9999941 76 9999941 26 9999955 9999980 9999955 11 9999964 9999909 97 55 9999972 9999962 6 27 1 90 9999969 26 9999993 1 6 9999942 9999905 30 9999944 9999967 9999978 9999965 9999908 56 9999958 77 89 83 54 9999968 9999955 46 42 9999956 94 9999904 80 9999943 9999973 9999962 9999955]
[9999915 9999944 9999927 9999963 54 9999974 8 6 64 89 88 9999991 9999946 9999985 9999912 9999918 8 60 30 38 9999948 54 93 9999902 9999970 41 33 9999986 9999953 19 41 9999976 9999923 25 9999946 9999979 9999963 9999969 9999983 39 92 9999963 71 1 80 63 52 9999925 89 9999992 9999910 27 31 9999920 9999976 11 9999990 43 9999941 21 29 9999959 9999934 86 62 77 16 9999926 42 36 74 9999924 12 42 80 9999906 7 9999955 9999966 9999923 9999922 9999970 97 7 9999974 9999956 33 9999922 3 96 25 72 9999962 95 1 9999939 68 84 9999949 9999967]
[46 76 84 21 59 29 9999948 9999947 44 9999913 9999942 60 9999950 88 9999913 13 8 19 9999992 45 83 9999907 9999923 9999997 70 9999961 93 9999944 48 13 9999911 66 97 52 34 9999962 97 9999920 81 97 56 9999993 10 9999965 7 23 45 33 9999984 9999986 82 63 9999962 42 41 56 9999993 9999943 9999955 85 9999971 9999938 87 42 76 9999943 9999905 57 41 32 9999987 9999924 9999966 9999956 9999928 58 76 9999991 19 9999953 17 41 50 95 9999991 9999992 9999913 87 45 9999920 40 87 52 9999946 86 51 9999994 25 88 65]
[9999927 9999975 9999996 9999970 16 9999940 9999925 40 9999981 73 9999963 30 9999992 41 9999989 34 43 9999927 9999936 9999910 53 9999931 9999925 70 9999990 9999995 22 9999901 9999941 9999984 28 72 9999900 18 9999907 40 69 9999973 20 4 86 9999900 9999928 9999946 70 9999920 10 9999928 43 9999965 24 9999997 9999931 9999899 9999910 9999942 9999909 9999921 9999928 9999923 9999913 9999933 9999911 9999899 9999941 9999992 9999968 83 40 9999980 9999924 19 95 50 52 38 9999947 32 0 9999922 88 88 9999947 9999972 9999996 9999976 9999940 60 9999942 6 9999988 9999956 23 77 8 25 83 9999937 35 9999935]
[9999984 9999970 9999995 2 50 9999940 21 73 93 26 6 9999946 65 9999945 9999954 9999925 6 9999971 9999988 9999919 68 89 9999937 49 9999920 24 8 9999954 9999958 9999919 28 9999941 9999932 9999984 88 9999942 12 9999901 9999973 9999946 43 17 40 84 9999964 9999906 9999946 9999899 9999988 41 9999936 9999900 9999909 64 75 9999902 9999983 40 9999937 65 9999959 2 9999972 85 9999996 9999930 9999985 10 1 9999969 9999992 60 9999955 9999933 33 9999908 52 42 9999966 61 9999928 9999913 51 9999982 9999916 9999988 9999955 11 0 51 9999970 9999915 50 9999948 60 9999972 9999920 9999930 77 9999905]
[9999919 20 61 46 9999945 64 9999943 53 9999918 9999941 9999978 9999933 9999948 9999978 9999932 9999899 49 79 9999931 9999934 9999966 23 7 7 9999980 9999979 9999951 20 60 38 22 61 9999989 9999998 60 9999941 9999987 3 79 9999946 9999945 9999927 9999989 2 9999935 9999918 15 9999958 21 9999926 9999988 61 9999945 72 41 9999949 9999941 9999912 9999967 9999979 9999979 44 9999966 86 86 91 9999961 9999972 48 0 9999923 23 9999910 9999970 9999918 9999977 9999921 9999944 9999975 9999905 99 5 9999998 43 9999903 9999979 9999908 9999985 9999996 9999968 67 9 11 9999986 81 83 9999966 99 70 24]
[2 87 94 98 38 33 9999991 46 17 9999925 46 9999986 9999902 9999968 30 86 23 98 16 9999953 9999969 9999930 43 45 9999983 46 9999946 9999927 9999994 9999913 9999944 71 32 9999938 43 47 9999959 9999938 9999911 65 89 9999922 94 67 48 88 9999966 9999953 11 9999913 76 54 86 4 8 11 9999992 9999972 9999933 9999998 9999934 9999978 55 42 9999934 9999979 67 9999899 9999953 9999913 9999942 9999988 9999974 9999907 65 96 9999923 9999942 52 9999936 5 44 9999976 9999933 9999995 9999993 9999905 9999962 75 9999949 13 9999920 56 21 9999899 9999914 67 9999949 9999993 9999974]
[9999899 80 77 38 9999922 69 9999961 9999990 9999939 9999966 66 90 9999955 9999959 23 9999932 9999948 64 5 42 96 1 9999928 49 1 9999966 9999942 45 47 9999915 42 9999909 9999992 34 56 59 9999947 9999991 96 9999908 87 72 50 9999930 49 83 9999908 9999903 9999991 92 66 83 9999929 9999936 9999939 9999923 9999988 94 5 9999936 9999915 47 9999989 13 6 9999973 23 95 15 9999980 24 9999938 32 9999938 9999960 83 9999966 9999989 9999990 9999917 9999972 3 97 26 76 9999965 9999938 9999917 9999950 59 9999938 32 9999939 9999924 9999899 9999930 9999933 99 8 93]
[9999978 8 62 9999948 9999952 9999992 80 9999933 83 12 35 13 50 9999954 19 26 9999927 9999936 9999961 71 9999950 11 36 9999957 86 9999945 53 9999931 9999933 9999937 50 9999997 96 42 5 9999975 9999931 56 9999986 9999927 88 1 10 50 70 9999993 98 11 9999952 52 9999914 54 62 55 21 9999922 25 12 78 9999991 12 9999930 9999973 9999920 48 31 9999924 9999984 9999987 2 9 9999907 9999942 9999978 9999905 9999963 32 9999944 9999912 9999922 9999929 85 43 9999980 9999919 60 9999990 38 9999963 9999997 9999964 94 9 84 9999899 77 81 9999968 86 9999916]
[67 3 51 58 90 63 9999915 23 9999948 9999907 49 9999912 2 9999988 38 22 54 9999912 98 22 24 9999969 16 62 49 96 9999969 88 9999935 78 9999912 9999965 9999908 28 9999985 9 82 22 83 5 13 8 9999996 9999948 21 9999917 9999978 9999942 9999904 2 9999920 69 3 54 9999966 9 29 9999974 5 43 9999971 48 25 9999949 9999977 56 9999998 65 88 9999981 94 9999930 26 58 25 1 9999923 9999916 9999916 9999949 9999931 42 9999996 0 53 20 9999913 88 35 33 9999928 9999947 9999926 9999984 79 16 55 9999912 9999964 9999901]
[9999924 62 31 80 50 26 52 9999984 3 78 9999983 9999945 9999951 28 50 79 42 70 96 9999929 4 87 72 38 9999998 12 9999955 9999954 30 11 9999924 9999934 58 9999975 9999972 9999934 26 9999997 52 9999928 50 9999973 9999986 9999947 9 9999941 9999913 74 85 89 9999991 73 22 9999966 9999935 58 9999986 73 0 7 6 47 9999969 9999899 9999949 9999998 7 9999904 9999958 9999917 68 48 9999942 9999990 9999941 53 9999943 94 9999913 9999982 9999978 9999991 9999905 9999964 9999993 69 9999978 29 50 74 66 9999937 9999928 9999939 9999962 9999976 9999905 60 9999954 9999914]
[88 9999904 9999932 45 83 50 9 54 58 20 9999988 99 10 9999918 46 58 9999949 9999988 67 85 9999941 50 9999908 89 9999959 65 31 90 9999994 37 9999995 75 9999913 9999937 98 0 9999936 85 9999921 9999965 22 97 74 82 75 88 9999926 9999973 9999910 9999942 27 53 41 66 4 9999942 9999955 9999904 9999963 9999983 9999990 9999998 9999944 70 9999924 59 58 9999980 63 29 40 52 9999943 9999917 7 9999969 9999986 42 4 9999941 54 46 68 9 9999901 56 9999923 45 9999954 9 9999986 9999973 9999945 9999933 22 9999938 9999952 9999910 9999944 28]
[54 9999936 99 97 9999914 9999924 9999917 9999998 9999959 9999966 8 4 62 21 53 9999943 9999967 59 69 9999967 1 9 9999931 9999917 9999963 9999932 80 81 30 9999956 39 59 92 9999987 9999947 9999991 93 97 9999952 9999934 42 9999915 98 26 47 13 95 9999998 9999904 9999920 17 86 9999952 46 99 14 9999915 9999910 55 53 9999958 9999918 73 9999972 76 9999927 9999931 53 9999971 57 9999959 9999906 9999907 9999933 9999912 97 9999982 9999907 27 75 9999980 3 28 9999930 56 9999976 9999994 21 9999977 9999979 53 20 9999984 9999899 29 9999954 33 87 82 9999927]
[51 9999925 9999913 86 57 9999985 46 61 9999909 9999984 9999973 72 9999944 4 9999940 84 32 65 9999967 9999998 31 34 11 34 9999956 9999955 9999940 25 9999969 41 84 9999948 97 21 0 93 9999910 9999932 95 28 40 9999971 9999922 9999923 9999986 39 43 9999950 9999917 9999976 9999940 9999957 40 92 9999900 83 9999984 9999904 8 87 9999923 9999930 9999965 19 4 9999952 38 9999969 9999960 9999949 9999901 9999969 44 9999988 9999921 77 9999975 97 9999926 9999933 76 9999918 84 23 9999910 59 47 15 34 33 9999915 9999921 79 65 9999913 23 79 9999939 9999992 9999917]
[9999928 31 87 9999903 9999973 64 9999958 9999962 23 9999913 9999930 96 21 97 9999931 76 9999969 9999940 9999943 85 9999925 49 84 9999905 9999916 56 64 90 9999945 9999926 12 9999975 9999926 48 68 9999929 10 9999986 64 9999925 55 9999948 68 80 9999953 9999972 9999940 9999924 9999911 20 9999918 51 9999958 59 9999993 9999984 9999936 9999902 9999938 9999958 59 9999929 23 9999938 9999998 9999968 9999960 9999971 9999968 9999952 9999946 50 6 51 71 20 91 9999926 40 64 19 9 9999930 17 9999975 9999940 11 59 68 9999905 42 9999986 95 86 9999955 49 27 9999960 49 65]
[9999995 9999931 91 9999936 12 16 9999996 9999997 59 96 18 18 34 23 4 36 33 75 9999941 95 9999988 59 9999952 99 9999924 9999994 9999979 9999994 9999911 9999922 9999925 19 9999912 29 9999994 9999913 9999970 67 85 63 9999950 9999943 9999995 6 65 9999965 9999930 9999918 55 9999917 9999972 9999937 98 9999967 9999904 9999945 17 9999921 9999958 44 16 76 89 9999958 9999907 59 9999924 47 37 9999900 82 62 19 9999900 9999983 61 9999916 9999923 9999910 73 22 9999932 55 9999913 9999904 58 5 9999985 9999984 9999966 9999996 9999901 9999933 54 29 9999930 9999927 9999986 9999907 9999918]
[9999952 58 9999920 9999992 9999919 56 9999902 29 9999979 18 9999990 9999954 9999933 9999981 9999905 9999962 9999996 98 9999905 9999957 9999905 9999959 9999990 51 1 49 9999928 16 88 81 94 9999945 9999954 97 32 40 9999927 9999934 9999931 32 84 9999984 9999942 9999959 9999945 9999956 9999984 9999991 9999968 9999962 37 37 9999981 9999977 9999938 9999927 9999989 63 9999915 9999948 9999966 9999954 66 9999921 64 9999939 29 7 37 9999979 60 28 9999989 9999926 64 95 85 87 9999927 90 9999971 85 9999977 37 89 19 9999948 9999958 54 83 7 9999990 55 84 9999973 9999991 9999990 9999977 29 5]
[9999959 33 9999926 36 72 9999988 9999990 9999944 9999927 4 22 9999925 9999980 9999933 9999993 9999978 9999978 9999967 82 9999994 9999990 9999919 9999986 71 9999949 9999987 46 9999920 9999996 28 9999964 9999930 76 14 9999975 9999962 9999994 9999993 9999946 74 41 2 83 9999964 72 59 9999997 9999945 28 46 9999957 9999906 9999933 56 9999965 46 9999976 50 9999913 9999990 9999959 68 91 44 9999930 9999976 84 45 9999928 8 9999988 64 9999920 9999923 9999980 16 54 49 81 9999952 9999900 65 14 9999979 9999924 35 69 11 9999940 9999921 97 9999900 37 51 9999976 9999980 97 9999906 9999938 9999996]
[9999993 9999918 20 9999965 70 44 24 91 9999995 53 9999968 15 9999960 9999985 59 9999976 29 23 73 38 9999994 9999988 9999930 83 9999951 27 9999972 9999981 44 84 6 64 9999940 25 65 16 9999964 28 16 9999905 46 36 9 9999951 9999975 9999899 42 43 57 9999952 9999979 13 78 9999940 9999912 9999925 35 54 9999970 9999968 9999919 9999966 9999936 52 9999996 9999902 9999960 62 58 29 86 89 9999899 9999937 39 9999902 9999986 9999965 50 94 77 9999957 9999972 17 46 10 4 9999937 9999916 9999962 9999950 9999966 9999968 15 9999965 9999914 9999912 9999986 9999982 9]
[9999928 73 9999995 39 22 9999998 9999998 55 9999907 9999965 17 5 29 9999992 9999935 9999954 50 9999901 9999977 9999965 9 9999952 9999919 44 9999981 9999996 9999971 9999974 45 5 9999924 55 9999964 57 31 73 9999966 9999935 73 45 9999919 71 76 78 9999908 19 62 23 40 79 76 39 64 39 77 9999968 9999925 9999986 9999907 63 9999929 9999950 32 9999990 0 80 77 9999917 9999991 88 9999978 86 9999921 96 18 10 9999901 44 69 68 9999951 65 94 9999988 9999961 9999977 97 9999933 9999994 9999930 9999972 92 26 42 71 9999998 9999984 9999914 9999911 9999916]
[9999938 9999941 70 9999955 47 9999955 57 9999914 55 74 9999938 9999976 87 9999964 9999969 41 59 9999935 92 82 9999918 9999929 9999978 9999931 9999901 9999925 5 9999972 11 21 9999983 50 9999950 67 41 18 9999951 9999909 9999980 9999996 74 87 26 9999939 9999912 9999943 41 33 9999984 30 19 60 13 41 9999973 67 9999964 9999968 17 28 22 39 96 89 53 97 64 2 9999908 9 9999909 53 80 9999985 16 9999940 64 97 9999929 9999921 53 83 9999992 48 76 59 9999899 7 9999915 60 9999908 9999970 9999969 31 16 9999922 7 19 22 9999906]
[9999935 9999976 9999943 51 66 57 94 9999993 9999996 29 9999907 9999921 76 9999959 10 71 59 7 9999937 82 15 9999937 35 9999921 30 9999965 23 87 9999964 9999963 9999982 9999950 69 9999931 9999964 9999912 9999947 9999988 9999960 42 64 12 13 9999968 8 9999913 64 81 9999913 9999934 9999909 38 9999957 9999987 59 9999932 9999915 26 9999970 11 67 69 9999998 26 3 11 54 97 2 30 9999904 5 10 33 9999980 95 9999993 89 84 9999956 97 9999919 9999934 94 45 9999906 28 15 54 48 73 9999938 38 62 68 9999997 9999977 6 52 49]
[94 42 30 64 9999931 9999958 9999995 18 9999924 1 52 9999920 86 9999996 54 42 77 15 9999980 12 9999984 2 41 13 10 54 85 99 9999965 94 39 9999978 68 71 9999903 9999968 12 9999912 9999932 99 9999955 54 9999899 9999934 28 9999991 9999987 9999964 9999929 9999956 9999950 30 58 9999917 9999911 62 87 97 9999979 9999959 9999996 9999907 40 29 9999909 24 72 27 74 9999916 9999941 85 9999972 9999960 97 1 65 9999950 9999942 9999918 9999994 13 85 9999899 90 95 75 8 9999916 13 2 9999988 9999907 9999936 59 66 9999962 9999979 9999964 9999992]
[17 73 9999977 9999961 9999952 79 9999954 12 73 83 31 9999935 63 9999918 34 40 9999901 9999996 9999947 9999938 92 59 28 40 9999960 9999979 91 64 9999985 83 9999922 75 80 9999953 9999938 9999948 72 88 9999940 25 41 89 9999987 47 9999968 9999933 87 9999915 9999930 98 17 86 51 9 55 25 9 9999921 9999915 9999965 25 9999946 60 62 9999932 50 34 23 9999972 23 26 9999971 9999974 9999982 5 81 9999914 9999920 60 9999956 9999993 9999932 53 9999935 55 40 71 86 55 9999995 9999984 90 73 33 48 9999986 57 9999941 9999982 45]
[60 9999931 9999967 93 9 18 9999904 38 27 48 9999953 9999980 9999977 9999916 98 83 9999949 9999943 9999981 9999957 2 64 9999948 73 66 9999902 35 94 62 78 9999934 84 71 9999914 9999980 27 82 9999944 9999976 9999921 9999917 9999939 9999901 9999949 9999936 9999997 6 9999965 9999992 54 60 9999949 9999952 9999963 9999946 9999911 16 41 9999943 9999958 99 59 67 30 9999949 2 24 9999929 9999931 9999948 9999917 9999996 50 90 9999912 9999970 9999927 58 88 9999971 9999953 21 43 9999919 63 9999951 9999994 71 9999969 29 84 9999956 9999908 38 11 73 0 9999945 36 86]
[89 9999924 34 40 9999930 29 9999963 9999968 27 51 97 9999945 9999899 9999937 50 9999942 9999933 9999969 9999905 9999951 16 9999959 9999945 9999934 9999968 9999994 56 24 9999981 9999934 9999952 57 9999985 9999974 9999987 38 9999908 9999916 55 9999938 9999996 54 91 9999932 9999927 9999921 9999992 9999992 9999952 28 11 74 22 38 33 9999956 9999976 9999970 15 33 9999945 41 9999939 9999979 4 9999982 32 9999908 34 94 9999932 13 9999953 72 36 42 9999989 9999940 58 49 9999947 38 9999971 9999992 90 60 10 86 33 9999961 9999946 9999907 9999936 89 44 86 70 34 6 9999946]
[9999932 9999904 64 9999948 47 9999941 80 9999929 9999938 54 93 9999993 10 9999994 68 92 26 87 2 9999949 9999934 9999992 9999954 54 48 23 50 9999914 25 51 5 9999903 95 0 9999903 10 3 9999919 88 65 49 16 49 9999900 57 75 9999953 88 9999929 9999968 9999991 68 9999985 44 9999984 84 11 9999937 9999955 56 9999944 62 17 82 9999984 88 86 31 24 63 89 9999986 9999902 9999967 9999974 52 9999953 9999938 89 9999969 15 9999940 27 58 39 58 39 9999936 48 9999903 55 9999959 25 46 58 6 40 9999985 9999996 9999904]
[55 96 9999995 9999913 16 75 9999987 9999982 36 0 39 9999989 85 96 8 9999912 9999954 9999979 9999952 9999991 84 9999976 9999961 9999957 57 9999964 9999943 78 21 21 97 91 19 67 9999989 28 9999945 83 53 94 9999928 9999923 9999940 55 9999992 77 44 13 71 74 9999934 9999909 72 9999987 49 9999928 9999987 14 47 9999979 89 2 9999998 9999957 69 9999925 9999913 40 2 49 10 9999986 60 9999926 5 6 45 27 76 4 9999949 79 9999934 14 9999903 13 9999922 9999933 83 23 96 22 9999930 9999916 33 32 9999994 9999995 90 9999966]
[9999983 9999921 54 77 43 9999927 39 9999949 46 9999931 9999953 88 67 9999925 44 53 40 42 9999909 59 64 9999922 13 9999920 60 9999978 68 68 9999962 34 82 31 9999911 83 97 9999990 26 88 4 9999994 9999934 9999944 9999940 31 9999901 9999935 39 9999945 9999946 98 82 9999921 9999926 16 9999968 9999957 59 76 98 9999988 9999902 40 71 25 9999899 9999988 9999918 9999903 48 9999905 20 76 9999913 86 5 15 11 9999927 9999932 26 9999952 56 9999973 94 9999917 9999918 9999905 9999985 9999927 23 9999964 49 9999934 76 36 9999983 82 9999946 9999990 9999927]
[36 82 77 9999989 9999953 43 9999977 74 9999901 92 9999915 9999910 9999905 64 9999901 9999980 9999923 36 9999961 9999981 9 9999975 37 52 20 81 9999959 1 86 47 9999962 69 61 18 9999918 87 9999914 86 46 28 49 62 81 9999970 86 9999962 5 80 22 61 7 9999946 29 65 42 70 1 8 9999958 14 9999905 9999964 9999933 9999915 37 9999957 27 88 9999934 9999903 9999938 9999963 60 9999911 9999924 53 9999967 91 76 9999929 9999908 88 10 55 42 89 43 9999965 37 9999929 9999929 9999964 9999937 51 9999983 9999939 62 2 70 9999995]
[9999918 72 9999911 1 86 9999992 9999998 9999935 9999945 9999930 66 9999960 90 37 9999944 9999982 9999972 9999979 9999964 91 9999924 30 9999915 9999986 79 47 75 26 9999941 72 35 9999984 64 42 19 9999941 9999949 49 51 9999903 9999989 9999912 9999944 87 9999969 9999951 9999972 9999998 84 9999957 9999961 37 2 9999980 9999919 9999936 9999957 9999980 13 9999906 9999954 42 9999960 27 36 9999943 84 79 0 9999946 9999935 0 9999950 9999928 9999919 9999917 9999937 0 9999941 14 47 43 9999961 14 9999962 9999943 40 9999966 9999997 64 27 70 9999903 83 38 9999940 52 86 27 98]
[9999950 9999921 9999972 78 17 18 9999904 4 25 65 44 9999971 9999961 9999958 9999934 9999901 9999913 9999932 66 83 89 9999929 9999955 9999925 9999991 64 9999955 9999916 72 9999981 9999910 1 26 9999945 9999989 57 6 9999988 9999906 14 25 83 29 46 9999910 76 9999921 9999912 9999998 9999939 41 29 93 9999913 9999997 9999985 9999921 9999964 9999931 40 9999940 77 40 81 9999929 65 93 9999965 9999972 9999958 9999916 9999967 9999988 9999987 9999908 20 94 87 12 83 31 9999971 46 66 88 9999953 71 9999919 58 9999900 9999932 9999978 9999920 5 57 9999928 98 9999899 28 9999998]
[71 83 30 9999949 9999934 9999957 9999909 9999985 33 80 32 9999984 57 9999957 31 69 9999949 9999907 9999917 52 9999966 57 9999929 30 9999963 9999923 83 9999978 80 74 9999965 9999996 9999907 82 35 9999956 51 9999995 9999900 38 87 92 79 15 9999989 74 7 28 9999936 60 7 9999931 9999957 51 9999978 79 30 9999947 9999921 87 26 9999902 86 9999930 67 9999921 9999929 34 54 14 62 9999948 9999930 9999904 9999908 9999920 19 9999969 71 9999915 9999947 9999950 81 55 46 24 9999917 9999952 19 36 9999968 9999960 48 18 9999966 9999944 9999972 9999974 62 37]
[9999939 9999928 72 9999971 9999912 49 9999916 9999974 9999938 12 94 98 9999957 69 17 9999903 19 51 9999912 34 9999982 9999985 17 28 54 88 9999951 67 37 9999991 83 9999992 9999933 14 3 36 69 9999945 44 9999994 9999911 59 8 72 70 9999935 24 9999917 9999934 72 9999994 9999962 95 9999995 50 9999927 9999968 9999941 9999903 9999985 9999993 40 9999953 9999940 9999921 93 9999915 40 9999962 9999904 9999965 9999982 4 78 9999980 19 9999933 56 60 9999982 70 29 9999915 9999991 9999996 9999910 4 9999998 87 78 9999926 36 29 9999915 9999913 3 34 9999981 6 9999998]
[48 9999963 9999947 66 47 80 9999900 15 72 70 45 11 9999935 9999983 74 46 9999977 9999997 56 9999910 9999915 55 51 48 9999965 53 9999984 9999908 9999907 9999927 9999984 9999914 59 76 31 9999964 59 14 9999954 26 9999924 9999979 77 9999982 9999995 9999965 9 9999973 63 9999956 3 54 9999901 9999905 1 13 9999996 14 9999912 75 10 9999946 9999988 62 9999945 9999997 1 9999915 9999932 35 9999921 9999947 97 32 9999976 9999920 65 26 9999940 80 9999905 9999923 47 54 9999916 72 9999948 9999911 87 9999997 52 9999971 9999966 15 42 11 88 9999938 9999934 9999961]
[47 9999990 9999903 56 9999982 9999943 9999997 9999997 0 36 9999910 39 9999941 9999974 9999929 8 11 62 9999984 9999935 57 9999964 8 71 9999942 12 9999907 21 3 9999953 23 9999958 98 61 50 9999990 9999959 53 2 16 48 9999937 9999976 89 9999923 9999959 9999922 76 20 9999938 49 95 52 9999914 76 9999958 81 58 9999963 62 32 9999968 9999968 15 78 81 67 33 5 99 10 20 9999978 97 9999936 9999966 9999910 9999981 9999899 76 9999927 18 34 55 9999970 9999925 46 9999983 9999903 9999940 30 23 9999973 9999974 48 65 9999908 9999962 9999943 9999933]
[40 89 20 9999951 67 89 52 9999911 9999964 58 9999984 9999983 28 35 9999921 86 9999901 8 58 9999981 9999930 84 9999996 9999949 9999974 9999922 73 9999901 9999929 9999927 9999916 99 9999959 89 73 71 9999939 32 9999973 9999979 9999925 13 9999969 60 9999996 9999913 63 29 9999908 9999926 9999938 9999935 64 56 9999899 9999972 9999927 9999969 64 92 9999985 9999930 9999940 16 53 9999902 9999957 9999942 25 50 73 65 9999976 47 81 9999959 88 74 9999899 9999953 66 68 13 32 38 9999943 9999935 9999974 9999903 45 9999978 63 9999931 58 87 49 29 9999970 9999980 46]
[22 57 87 58 9999909 9999977 9999939 9999911 71 9999947 9999955 68 9999967 2 9999983 58 9999978 30 7 9999958 87 62 9999945 9999983 38 9999952 46 71 9999958 14 68 9999934 57 20 9999931 8 39 9999906 43 48 9999997 90 10 9999991 17 9999961 9999968 9999901 23 62 3 9999906 37 71 9999908 9999965 61 9999902 28 9999978 9999914 95 44 9999899 9999989 9999908 9999972 9999904 65 9 77 9999930 63 9999961 99 98 32 9999986 9999907 95 74 9999916 9999949 9999936 9999911 9999981 9999935 10 9999998 30 94 52 72 9999942 9999947 9999966 9999918 9999909 9999961 17]
[70 1 9999996 4 31 9999950 15 95 9999900 9999957 9999967 9999923 15 9999991 66 17 9999934 9999996 29 71 49 56 4 9999927 9999967 9999938 63 19 9999986 87 9999921 9999972 86 48 9999948 90 9999956 88 55 69 76 49 64 9999948 58 9999997 18 9999905 9999912 85 9999960 9999970 9999994 24 67 9999909 64 92 9999917 94 9999985 9999952 27 9999947 65 9999956 74 88 61 9999933 9999903 9999925 9999986 30 29 9999919 39 9999902 18 26 37 92 0 39 9999949 23 9999966 36 45 9999928 9999905 25 9999915 9999980 9999955 9999960 9999923 9999924 76 85]
[9999912 9999934 9999993 9999929 69 87 7 9999938 9999934 9999986 9999977 9999971 65 9999979 9999965 9999965 9999902 9999990 9999972 97 17 9999954 36 26 9999987 9999904 99 51 9999965 86 9999957 9999977 9999933 49 9999980 9999906 9999966 9999962 37 9999933 9999930 91 9999928 9999954 9999952 18 9999969 70 9999929 75 9999943 58 9999982 9999904 37 9999941 47 7 1 9999968 9999993 9999961 85 28 27 9999944 9999915 9999982 9999963 9999947 20 37 9999904 30 9999916 9999990 65 38 36 9999899 23 9999972 69 9999949 43 9999976 9999954 63 41 45 36 17 9999955 9999952 31 17 41 9999949 90 36]
[14 17 9999978 67 9999919 76 9999917 9999945 13 37 11 9999947 9999910 9999927 57 75 77 9999973 86 32 23 33 65 29 9999927 9999967 92 9999926 95 35 9999939 6 9999915 88 9999951 60 30 3 9999899 75 4 9999996 13 81 69 9999972 7 20 43 9999930 9999993 68 44 36 46 84 83 9999899 31 9999929 9999928 9999928 9999948 9999944 53 60 13 9999970 85 9999940 9999981 37 5 51 60 47 46 44 57 9999991 94 9999948 9999949 9999904 21 9999938 9999973 9999951 5 70 9999972 9999984 9999915 9999920 9 25 19 7 9999917 19]
[9999911 9999950 9999915 21 16 44 9999952 9999948 9999955 9999933 75 41 72 47 9999910 88 92 9999945 87 9999961 79 9999981 63 46 67 9999972 9999938 9999959 9999992 87 9999959 9999958 30 18 1 9999960 39 88 48 40 31 81 9999956 64 65 9999921 9999921 9999929 9999958 9999919 8 9999903 9999943 92 87 9999928 9999918 96 9999955 4 9999971 9999957 9999912 9999987 9999920 64 9999992 56 10 93 9999991 9999975 56 9999900 9999923 12 9999931 9999937 9999908 99 9999995 9999937 67 9999977 87 7 9999982 91 9999998 9999976 90 31 9999972 89 20 76 82 52 48 33]
[9999985 9999984 9999941 9999927 9999933 74 26 9999973 41 4 9999982 76 39 9999932 88 9999901 56 9999942 2 64 9999964 9999984 9999978 56 9999957 18 27 9999916 87 9999950 9999934 29 65 3 34 23 77 52 31 84 4 9999976 75 9999964 94 9999992 97 9999946 9999996 14 9999959 44 2 9999954 96 87 9999963 93 91 9999946 9999930 17 64 9999900 27 63 71 9999975 9999913 9999904 9999994 9999914 45 9999988 9999961 6 9999959 71 9999935 67 94 16 9999995 9999916 9999958 9999969 9999989 9999926 83 31 80 9999962 24 9999902 97 29 9999933 54 9999960 9999935]
[27 9999931 43 9999938 71 63 9999909 83 57 9999956 9999954 64 50 89 28 92 96 9999967 9999997 9999928 9999947 5 9999928 97 72 9999917 39 9999922 50 6 42 9999982 9999976 9999952 71 2 74 9999976 24 9999935 74 16 0 36 74 46 9999983 28 9999985 9999973 72 9999961 67 42 98 9999981 9999931 9999986 81 9999907 9999930 69 9999929 74 9999940 90 9999998 52 47 26 9999914 36 9999936 65 34 81 9999966 5 53 9999922 67 29 56 9999991 9999942 9999962 66 54 56 9999936 21 9999963 11 98 47 81 9999903 13 9999955 9999985]
[9999962 48 38 14 9999919 40 65 9999934 9999981 9999971 85 9999911 9999964 9999984 9999974 13 9999931 9999907 84 39 9999990 9999973 9999919 90 66 14 9999974 9999905 99 43 9999914 67 9999994 91 9999997 37 95 9999905 19 89 9999911 9999977 9999940 9999977 9999955 9999989 9999977 3 9999940 9999906 20 9999909 77 9999937 96 9999927 9999947 9999935 53 9999932 60 77 96 9999949 44 9999967 9999984 9999994 9999997 59 9999909 9999975 39 19 9999904 1 90 9999962 54 9999948 9999970 9999967 5 12 9999984 9999954 9999947 9999956 62 46 9999902 58 80 67 9999964 29 70 74 9999900 9999913]
[46 55 9999995 9999907 9999941 91 8 9999924 9999920 9999902 9999925 9999982 77 9999955 9999906 60 38 93 9999959 9999930 54 9999977 59 9999902 94 9999925 76 9999907 9999973 9999986 35 9999943 85 9999977 76 9999928 9999930 9999924 24 9999906 31 53 9999972 97 59 9999952 9999980 9999989 9999912 12 9999992 44 9999924 28 9999911 9999993 91 75 85 29 9999970 96 9999927 93 44 66 43 9999955 9999930 9999979 9 9999939 2 9999988 40 67 9 9999966 63 9999913 9999983 9999924 9999910 9999944 9999991 44 8 9999943 95 83 9999916 42 94 97 9999900 4 9999978 9999978 9999900 9999913]
]