[[9999972 9999970 53 9999924 92 17 9999961 56 61 9999946 25 9999949 9999942 9999908 9999960 9999942 15 9999936 4 9999950 9999903 9999963 9999965 26 9999902 50 50 9999941 99 9999998 9999954 54 9999994 9999946 31 90 13 52 53 73 60 80 97 0 79 33 73 9999936 9999993 93 38 31 28 9999996 67 22 9999949 9999940 9999987 56 9999936 9999916 9999938 9999981 5 9999963 9999972 9999930 3 9999978 9999912 17 9999934 44 41 9999901 83 18 9999938 11 89 8 73 9999983 9999945 30 9999997 5 9999923 24 9999958 9999965 9999973 97 49 9999921 9999904 98 22 44]
[22 9999901 89 69 69 2 9999903 30 98 9999902 9999918 67 9999963 9999984 0 9999992 9999919 9999916 9999928 84 76 44 9999899 38 9999992 9999905 9999992 9999991 9999971 9999962 9999937 59 9999919 9999986 6 9999981 71 9999962 9999919 9999955 9999946 9999968 9999977 9999981 9999989 9999908 77 9999975 92 9999984 32 11 73 26 30 9999902 1 83 74 50 9999954 69 34 16 9999905 30 9999966 9999979 76 9999930 64 54 6 9999939 9999947 19 49 9999957 9 9999950 9999922 3 76 9999940 15 67 9999906 56 9999902 9999970 73 9999940 9999921 84 78 47 7 34 9999966 27]
[7 9999949 9999927 54 9999994 9999998 9999903 9999937 67 9999987 9999903 92 9999939 20 33 9999993 2 9999905 9999920 80 68 9999960 28 9999987 75 9999950 9999958 65 9999984 9999900 69 9999942 9999970 9999905 9999910 73 9999941 9999909 9999908 9999982 9999948 9999916 9999924 21 37 1 9999965 9999934 9999945 9999905 9999935 92 70 9999928 22 88 9999976 58 64 9999995 71 9999972 9999983 55 9999982 28 73 9999946 85 9999988 9999994 9999955 4 40 30 9999933 69 9999974 31 41 9999929 96 13 9999963 9999928 9999944 55 91 95 9999964 50 44 24 80 81 38 11 9999925 9999942 9999909]
[9 9999909 23 39 9999974 46 32 55 63 50 79 9999912 9999920 9999918 9999910 9999931 9999956 9999927 85 50 9999957 84 47 7 37 9999937 32 9999994 72 67 8 97 80 9999908 9999950 81 12 9999959 9999974 9999961 26 9999984 79 66 9999991 22 9999916 9999983 9999986 93 51 93 9999925 9999962 9999936 54 9999987 9999957 87 22 57 9999994 9999912 68 99 82 59 9999901 74 66 9999956 9999995 1 9999937 36 48 9999950 9999964 9 26 9999980 9999966 9999986 33 82 26 55 9999997 19 9999934 67 28 54 9999926 9999988 9999966 59 9999972 9999909 5]
[9999919 9999976 93 9999921 9999991 9999992 9999996 74 34 42 9999922 26 18 9999952 3 9999925 9999937 9999940 9999922 64 9999990 45 9 31 9999968 17 9999930 9999980 9999906 9999953 26 9999969 9999921 9999981 8 27 27 81 9999921 9999949 84 49 47 9999900 9999926 28 9999934 9999912 9999923 9999964 15 79 9999940 9999988 83 44 96 90 9999953 25 17 9999924 9999930 83 79 9999971 9999906 9999968 57 9999994 9999966 9999979 70 9999954 9999986 83 9999972 73 9999932 9999948 9999945 46 76 6 83 9999978 58 57 36 9999975 27 9999993 9999956 9999933 57 9999970 9999995 9999930 9999955 9999996]
[46 9999975 9999958 33 7 9999971 9999956 9999958 9999987 66 9999984 9999901 9999983 20 37 34 9999937 9999930 2 9999960 87 13 43 26 9999913 9999924 11 32 9999950 0 35 9999914 9999960 7 60 29 84 9999926 9999975 56 9999975 27 9999938 81 60 9999967 21 9999900 22 9999953 14 0 9999962 47 87 9999967 26 9999955 63 31 9999986 9999921 9999948 84 6 2 47 63 9999970 22 46 70 9999986 20 3 25 31 80 75 14 9999929 55 9999956 9999939 26 9999946 9999960 36 9999908 50 38 9999969 9999985 9999958 9999982 9999960 9999935 9999955 9999947 9999924]
[9999931 9999977 9999966 99 9999922 9999943 9999915 9999901 98 9999916 9999906 9999908 9999955 9999916 9999991 70 9999943 30 99 94 60 63 61 9999983 49 32 9999946 61 25 93 9999920 12 9999939 31 9999910 9999998 9999953 9999971 9999906 9999951 9999904 9999959 9999963 21 9999910 9999906 9999976 9999970 9999975 9999912 9999991 32 47 69 76 9999972 0 9 9999912 49 9999916 51 9999982 9999915 9999992 9999961 9999973 34 9999922 77 62 43 9999993 9999974 83 9999993 9999996 25 82 9999904 67 18 54 9999981 46 3 9999930 9999963 39 9999962 9999932 9999986 19 14 59 9999966 9999993 72 9999956 4]
[80 9999925 37 98 9999978 9999956 9999946 9999970 9999905 54 9999941 42 9999983 97 23 9999989 79 10 9999904 9999976 77 88 37 9999916 9999995 9999910 62 65 80 9999961 9999964 9999987 26 9999967 73 9999960 9999899 9999936 9999911 9999913 9999899 9999984 9999954 9999923 4 9999927 9999952 9999929 41 62 33 97 9999953 9999922 9999940 9999967 80 77 9999949 9999899 9999908 9999973 9999995 9999914 91 9999988 5 48 79 16 34 26 9999978 9999985 65 9999899 74 13 62 9999954 9999918 9999948 33 9999977 9999903 60 9999957 15 29 9999909 9999950 87 9999989 29 9999909 9999980 9999982 9999968 9999935 9999899]
[9999955 9999948 9999938 21 9999908 12 68 9999957 9999956 9999930 77 9999990 12 9999962 23 9999922 9999984 9999977 61 82 9999966 67 9999988 9999932 9999948 9999948 9999951 9999966 9999930 9999899 75 15 9999949 9999942 34 45 9999996 9999962 9999928 9999909 9999917 9 82 9999980 51 77 72 9999911 30 9999953 45 49 9999948 9999905 32 69 9999935 9999922 98 40 29 9999932 71 9999965 9999918 9999982 9999955 9999955 98 60 9999932 25 21 86 38 9999988 9999905 9999926 90 9999948 41 6 9999995 42 9999984 9999939 9999943 37 9999967 9999948 94 9999908 9999909 9999992 78 52 9999912 19 9999984 9999908]
[17 9999998 46 81 9999908 32 42 86 9999913 48 84 9999902 60 9999965 35 9999980 40 22 51 15 9999901 9999997 9999948 69 32 33 98 9999959 9999972 87 9999975 39 33 9999963 22 9999955 9999995 92 19 9999919 66 9999940 9999931 9999991 9999978 58 9999908 9999943 9999982 35 99 68 9999949 57 9999998 9999995 11 9999939 9999948 59 90 9999917 9999977 51 9999925 9999923 49 9999971 9999970 9999988 9999982 51 97 70 74 9999977 64 47 9999994 9999932 31 35 16 6 53 11 46 9999984 9999933 16 59 61 1 9999936 94 75 40 7 9999982 9999949]
[97 9999909 9 26 6 9999981 56 58 9999937 9999906 9999956 45 0 9999990 46 2 9999922 9999938 20 9999970 9999907 15 9999982 69 9999997 9999922 9999908 87 9999909 25 17 9999909 69 9999942 53 9999926 9999920 9999956 68 82 87 9999958 12 9999927 81 9999998 9999924 9999941 67 9999932 9999903 9999920 9999988 9999912 22 9999901 13 57 12 95 9999906 9999931 9999981 9999922 9999934 34 47 59 9999965 9999998 9999969 21 41 9999912 82 9999992 9999918 65 90 43 9999997 9999948 0 78 31 9999987 19 9999912 9999970 65 9999987 60 13 38 9999933 9999984 81 56 9999937 9999967]
[83 3 9999902 35 9999971 9999960 9999967 5 9999976 9999930 49 62 18 75 97 96 81 9999996 66 9999934 9999958 55 38 43 9999965 41 9999987 9999961 56 56 9999930 9999986 56 9999940 9999917 9999935 92 9999988 80 83 9999935 9999906 39 73 90 93 97 9999905 9999966 9999972 43 6 9999915 56 28 9999974 27 30 9999977 34 58 55 65 9999995 54 9999971 9999908 90 54 9999946 59 9999943 17 9999937 57 26 9999972 9999912 9999942 9999953 28 9999903 53 9999936 32 94 9999912 76 9999908 9999930 37 9999989 52 80 9999968 18 9999969 9999976 13 9999967]
[53 68 9999932 9999926 80 45 88 9999907 9999965 9999920 85 9999960 77 1 9999977 9999968 9999902 3 94 9999959 98 65 9999978 9999960 9999995 13 95 40 58 92 9999915 55 48 53 91 9 9999915 47 3 9999927 43 64 9999956 14 9999994 76 9999976 9999937 9999917 9999955 19 38 88 9999935 9999910 9999992 95 9999951 9999986 39 9999957 84 9999937 9999980 63 9999946 9999930 67 9999964 9999945 9999912 48 9999959 9999954 76 9999974 9999998 9999966 34 31 38 7 9999919 9999988 9999937 9999930 78 12 45 9999951 63 85 79 44 9999969 9999971 9999955 9999945 9999972 9999962]
[9999947 75 9999952 9999923 9999987 9 61 9999901 46 66 31 9999912 9999960 57 36 70 51 9999911 9999959 43 48 86 9999926 41 9999901 9999909 90 88 16 21 84 9999962 70 23 74 48 25 59 9999988 9999919 9999924 9999914 9999966 9999927 9999996 9999989 9999966 9999991 84 70 60 73 9999972 9999912 53 9999941 81 86 13 84 9999952 33 9999927 29 9999919 9999941 83 33 83 9999988 11 21 9999986 9999958 19 38 9999901 9999981 9999906 9999972 13 9999899 9999940 15 9999952 9999928 6 71 51 86 36 20 9999926 63 65 9999955 9999982 99 9999964 30]
[85 9999903 9999958 68 23 9999977 9999961 9999923 9999945 46 35 29 9999979 2 57 9999969 17 9999984 9999907 9999936 9999998 77 65 20 9999967 9999909 39 9999916 8 9999973 9999979 40 9999975 48 42 63 9999916 72 36 9999913 69 93 9999987 33 9999900 93 33 31 42 98 76 97 9999933 9999940 9999996 9999975 90 9999958 98 40 9999987 80 9999998 9999983 4 9999986 92 72 9999962 9999910 84 57 9999985 72 9999993 27 87 9999909 94 9999985 40 9999970 97 9999922 9999923 61 95 9999901 24 4 9999986 79 46 9999978 20 9999986 9999978 9999949 9999937 28]
[78 78 50 9999991 9999968 9999958 25 44 73 95 9999980 9999925 9999931 75 78 95 33 81 65 44 35 9999974 83 9999998 8 97 9999906 68 9999950 10 9999976 23 79 67 9999916 9999927 4 96 9999972 9999911 9999973 45 9999923 73 77 9999990 69 26 15 74 9999977 34 43 9999986 9999992 9999983 9999907 49 9999899 40 9999977 85 9999907 9999947 9999976 59 9999950 9999991 50 9999968 9999978 9999948 51 9999903 31 46 76 9999917 9999966 9999919 30 9999938 9999918 9999994 25 90 9999923 9999907 9999964 9999991 24 9999909 9999975 9999982 88 9999996 9999925 75 93 14]
[28 9999982 9999928 62 96 37 9999957 82 73 9999951 75 9999900 12 9999934 9999991 9999970 58 9999900 14 4 9999930 16 5 50 0 47 27 23 9999970 14 35 9999950 5 9999977 9999936 9 77 9999933 55 9999981 58 9999916 9999914 9999909 48 9999932 9999976 9999915 93 15 9999960 9999961 9999938 58 13 9999948 9999904 9999939 9999986 9999961 9999942 9999975 9999992 9999902 33 9999981 21 6 24 7 9999943 9999902 9999998 18 9999985 37 28 19 91 9999921 9999929 9999945 20 33 67 21 9999910 9999995 36 9999932 9999904 91 9999975 49 9999924 9999920 9999968 98 9999946 9999988]
[88 9999935 34 32 9999933 1 91 9999963 9999996 9999937 9999975 9999914 9999914 64 24 38 9999996 9999953 31 9999996 9999975 9999956 9999954 89 27 41 9999996 9999978 84 9999912 9999971 9999906 9999977 9999927 9999949 44 71 28 9999952 9999899 9999951 9999901 52 24 10 5 9999923 9999966 97 9999976 44 20 9999922 9999984 89 9999910 97 9999992 80 22 9999927 9999963 76 9999905 72 9999937 9999993 2 56 58 9 10 9999982 65 46 9999985 60 71 9999900 9999901 84 33 9999928 9999906 9999936 9999979 9999944 9999951 48 75 9999907 9999998 9999945 90 9999995 9999971 7 6 9999913 9999900]
[9999995 14 95 13 90 12 43 29 9999997 9999949 72 9999967 75 9999962 9999969 9999916 17 96 57 9999998 34 9999952 11 9999923 89 9999965 9999900 9999978 0 66 47 38 9999923 9999904 9999930 9999932 55 9999899 9999954 38 9999924 18 8 9999900 9999909 99 62 32 9999930 9999998 9999946 28 54 76 9999985 9999951 32 55 93 70 9999965 69 57 9999945 9999996 22 9999939 20 9999989 70 9999995 38 9999920 9999984 9999904 9999980 9999901 13 9999955 9999938 46 9999914 9999944 66 9999997 63 9999960 9999927 48 39 19 92 33 74 7 9999967 9999987 9999969 9999961 9999903]
[9999970 9999989 87 9999920 9999940 9999928 9999914 99 9999990 9999931 49 9999929 36 9999996 42 76 9999924 25 9999911 55 9999982 9999945 9999926 9999988 58 61 44 52 9999912 91 11 9999968 9999923 9999962 9999994 9999960 9999953 11 9999904 9999921 9999943 9999900 83 9999913 9999995 59 9999970 9999977 9999977 9999967 9999978 9999947 60 9999982 43 9999997 92 65 9999989 9999928 10 50 9999911 9999967 20 51 9999960 9999976 21 22 9999935 9999921 45 61 66 9999950 16 91 9999942 9999975 40 9999944 0 9999949 9999983 70 9999910 9999954 9999978 9999909 9999936 9999922 9999981 71 5 67 76 68 24 49]
[45 16 76 47 9999918 9999945 9999989 9999926 5 4 9999964 9999902 35 9999942 34 9999985 74 9999983 9999956 9999958 9999964 95 9999981 43 9999902 9999919 9999943 58 58 55 9999996 9999988 9999929 44 9999920 9999899 3 9999940 64 67 9999959 9999984 82 9999899 9999910 9999922 9999930 55 9999902 9999955 9999971 9999917 9999957 9999941 55 9999909 9999915 9999942 92 9999926 9999979 18 60 9999965 9999926 65 51 9999990 47 9999977 36 69 9999908 70 9999928 9999972 9999912 72 79 9999957 9999934 20 70 9999998 9999911 47 86 68 37 19 9999968 70 24 9999948 53 9999994 54 9999985 34 9999941]
[9999903 9999974 88 39 6 9999920 9999920 9999958 9999998 9999931 9999909 3 9999984 9999985 62 51 9999908 9999985 37 27 9999946 88 9999931 56 87 64 9999941 70 9999965 69 9999927 9999959 62 9999949 47 60 9999914 0 9999994 9999917 9999967 89 9999901 9999910 9999962 6 9999911 84 9999987 58 98 24 9999991 9999917 9999932 9999971 80 9999976 9999955 96 9999958 27 45 9999934 9999976 9999937 9999928 9999915 9999948 96 9999924 9999937 9999939 62 9999965 67 78 25 45 95 9999906 9999960 27 85 49 9999970 9999928 44 11 9999933 9999941 9999899 31 9999933 9999998 9999903 1 9999968 9999924 10]
[9999992 10 2 9999908 9999958 9999962 34 47 94 9999944 26 61 9999983 9999940 9999916 9999957 9999994 68 9999927 9999948 26 9999924 57 22 9999965 31 33 86 7 27 72 9999904 9999982 23 9999987 76 9999942 51 9999975 96 9999977 82 9999944 64 48 9999989 11 9999909 9999939 9999904 9999989 89 2 9999929 2 9999996 9999968 26 78 9999937 48 37 51 63 9999994 9999963 9999944 16 32 9999939 33 9999911 9999996 23 9999967 9999969 9999973 9999953 7 59 9999908 9999914 9999925 9999951 9999970 9999902 9999959 14 30 99 30 15 9999933 9999953 35 85 9999943 9999934 45 9999919]
[48 9999974 9999949 9999969 9999937 9999910 69 93 9999912 9999920 9999982 9999924 8 9999970 30 9999974 76 25 9999957 85 9999928 3 38 24 79 9999968 9999994 74 9999968 9999903 9999983 9999955 9999937 9999983 70 9999964 9999927 46 9999943 43 34 9999932 9999998 9999988 9999983 9999921 3 71 23 9999912 66 9999952 9999949 9999960 60 9999993 74 35 9999955 9999919 25 23 71 9999960 14 9999899 9999974 9999973 37 9999920 9999903 9999913 54 51 65 9999976 72 38 9999968 66 9999971 67 9999995 52 12 83 43 37 9999968 9999953 9999967 9999993 53 9999961 9999931 9999986 9999998 32 63 9999926]
[9999900 21 14 45 9999953 98 9999930 15 9999918 31 9999974 22 9999944 55 9999946 9999948 20 9999975 15 98 9999925 9999962 85 79 9999938 9999916 14 81 97 9999985 9999947 9999973 9999900 9999900 9999947 9999974 9999989 57 9 90 37 7 9999950 20 9999980 9999948 9999923 41 10 9999954 9999971 9999985 67 9999956 9999995 9999901 28 9999980 9999963 32 9999979 24 9999993 16 45 34 9999915 9999931 9999950 99 9999946 12 9999942 35 36 10 59 9999915 45 9999969 59 82 9999955 9999915 92 37 63 9999995 9999997 63 9999905 9999987 9999911 54 9999904 24 98 20 7 9999902]
[9999924 9999911 9999973 30 23 9999919 9999923 95 9999927 9999976 44 9999950 60 24 19 91 17 9999924 70 30 37 83 97 62 9999958 65 9999899 66 9999904 9999983 38 46 9999930 9999904 90 25 74 93 9999932 98 9999962 9999932 73 41 97 9999986 3 9999997 9999945 9999952 9999972 9999923 82 46 8 68 71 9999934 33 9999977 38 59 9999914 45 9999902 9999991 97 9999953 9999971 88 9999992 55 25 6 66 41 9999949 24 9999981 9999986 9999913 1 1 9999920 9999910 9999951 29 9999941 9999904 57 66 9999899 9999947 14 9999912 73 9999908 39 9999975 9999969]
[90 33 23 9999974 9999950 30 9999938 72 72 9999912 25 9999935 9999954 8 84 9999902 82 74 9999952 9999932 9999944 9999978 9999927 92 9999916 96 9999925 9999921 9999924 9999943 52 17 64 43 85 47 9999926 43 9999953 67 1 9999915 9999951 9999995 7 9999976 9999980 9999988 32 9999961 9999960 98 88 9999969 9999942 9999983 9999931 16 9999949 4 9999996 9999948 43 9999950 9999900 9999899 9999957 83 46 40 4 9999901 61 9999983 9999969 9999926 85 52 30 9999902 9999905 55 9999996 9999907 22 9999926 45 84 9999945 47 9999916 73 9999943 6 9999954 5 59 9999923 77 9999923]
[26 2 65 89 9999916 9999989 9999907 42 9999931 53 9999935 98 20 12 17 4 9999922 9999901 9999940 9999910 9999942 9999963 9 9999909 11 1 9999952 85 9999971 84 80 9999907 9999998 9999900 65 56 33 9999991 93 9999917 0 9999996 37 9999931 18 29 9999933 9999998 44 63 9999992 93 9999899 46 9999916 57 9999995 74 42 89 9999942 24 9999978 9999962 9999943 9999994 9999904 92 75 14 91 90 51 9999904 9999961 24 72 3 35 9999986 50 99 9999973 9999970 81 82 9999972 9999993 9999932 9999976 87 9999949 9999979 66 46 26 9999912 76 9999939 9999959]
[9999952 5 18 9999899 34 40 9999925 52 9999937 27 27 9999903 16 9999991 9999967 9999991 9999980 9999980 80 22 15 9999913 9999995 9999919 31 48 76 5 9999906 63 90 22 97 9999976 53 84 60 32 71 90 9999959 9999905 67 44 31 9999922 9999942 9999962 9999932 74 9999966 9999982 9999954 69 9999963 9999983 95 60 75 9999938 9999975 9999969 65 65 9999918 9999974 83 29 67 9999971 86 93 97 88 9999944 41 9999982 81 13 33 9999959 64 9999950 9999975 20 70 27 9999970 71 9999988 40 9999929 50 9999946 9999958 9999955 44 18 73 45]
[9999992 9999930 9999944 9999954 9999970 9999959 81 23 9999964 63 9999952 47 73 9999948 63 7 9999980 44 9999923 90 9999925 41 9999905 64 86 9999969 9999911 92 23 67 73 9999943 9999936 20 9999942 80 40 9999933 9999909 54 19 75 17 30 9999943 81 95 9999995 9999952 30 94 9999904 15 9999913 10 94 43 9999914 27 9999915 9999993 9999975 9999928 26 9999985 39 67 9999979 9999909 9999913 9999993 1 9999992 9999960 9999970 46 14 94 9999944 87 9999915 9999972 16 9999922 74 9999944 9999923 84 86 9999964 39 86 59 26 87 9999993 75 83 9999915 1]
[9999928 84 86 82 9999962 87 46 6 35 9999953 9999973 9999947 9999932 37 32 16 9999997 9999960 0 99 48 9999940 9999920 70 73 93 9999940 46 9999925 9999982 9999922 9999976 9999936 25 34 9999912 9999916 9999946 9999975 9999960 32 16 9999990 5 7 43 9999970 9999959 9999913 9999947 9999912 95 50 9999942 31 9999912 98 9999909 9999996 15 56 49 93 94 9999944 9999978 9999939 9999905 39 73 17 9999901 9999948 9999951 32 9999953 45 9999995 9999972 50 9999927 65 9999997 9999908 88 9999944 9999985 90 55 9999996 35 9999937 98 9999946 9999992 93 80 28 11 73]
[9999937 9999974 83 21 68 67 9999914 48 9999955 83 9999941 9999994 87 9999899 45 8 63 47 74 95 80 9999963 38 2 9999948 9999978 9999968 3 9999992 9999984 24 9999921 9999994 67 9999945 52 78 9999961 44 9999982 9999955 34 0 92 64 9999935 9999964 3 9999957 3 74 52 11 9999932 62 55 31 33 9999914 9999993 73 70 52 9999989 9999915 9999932 9999966 9999985 32 38 9999983 9999954 78 9999981 37 9999946 9999984 16 9999943 9999916 9999914 9999916 13 9999907 9999913 67 9999952 62 66 95 52 76 9999983 9999968 9999998 9999965 78 58 9999977 9999908]
[40 61 9999967 57 55 9999910 9999971 30 30 9999935 9999989 59 9999934 9999933 49 99 9999949 19 9999971 85 39 27 9999935 9999929 96 58 59 9999991 81 9999956 9999956 40 50 9999992 10 9999927 9999974 9999910 9999911 26 17 22 9999914 48 96 54 9999939 9999923 9999928 9999966 5 16 69 72 9999902 5 0 50 37 3 20 9999906 84 49 9999932 9999971 9999997 9999900 9999995 9999967 36 91 10 54 9999994 68 9999926 9999966 10 9999942 9999995 32 9999978 26 61 9999952 70 84 9999924 9999945 89 9999993 41 91 71 9999935 62 21 12 9999912]
[9999924 9999975 9999937 9999915 9999984 9999918 9999921 43 9999926 9999987 9999991 9999951 9999924 9999929 80 9999939 49 9999957 31 31 11 44 64 9999992 9999925 9999969 9999958 53 9999949 86 9999997 92 69 4 9999997 9999912 9999900 5 9999998 9999938 67 9999978 69 9999964 9999899 9999934 35 9999960 34 27 24 9999902 9999975 9999900 30 43 28 9999984 33 91 9999936 9999991 9999937 41 5 27 81 9999960 9999911 9999974 9999952 9999916 9999953 9999976 1 64 9999995 63 9999914 20 9999962 9999919 9999939 9999975 9999969 36 9999900 59 20 84 50 9999955 9999973 63 41 9999956 28 94 9999903 9999924]
[79 9999920 9999976 9999981 23 67 95 25 56 26 40 83 9999979 39 9999924 9999918 88 9999960 9999949 68 72 9999937 39 9999918 51 9999925 66 9999927 93 10 72 9999969 9999918 9999921 57 48 9999946 74 23 13 26 38 65 96 9999933 27 9999989 9999923 64 40 67 71 9999900 9999959 9999919 9999914 9999941 55 9999950 49 70 9999989 9999917 9999922 9999941 6 30 21 9999952 9999935 50 9999962 9999994 9999950 9999992 87 88 39 9999926 9999946 9999928 9999924 81 91 77 9999969 26 81 9999919 46 93 21 9999934 34 69 49 86 9999979 9999997 79]
[9999900 9999904 9999958 94 92 9999992 9 54 9999959 9999899 94 9999957 2 9999899 9999933 9999934 50 9999923 9999911 53 9999980 9999906 95 9999967 82 9999963 9999929 9999951 36 30 9999984 9999944 7 9999933 19 73 98 9999958 40 9999928 9999914 9999985 13 9999990 42 94 9999973 9999912 20 9999944 19 9999985 9999996 24 9999927 35 9999990 9999938 58 51 9999977 37 6 3 9999924 9999994 79 90 33 9999979 26 9999964 9999940 9999957 41 9999939 9999996 9999907 80 17 9999944 9999941 9999929 9999908 9999935 34 9999902 9 41 9999908 11 59 9999957 23 9999945 9999996 40 9999937 9999998 4]
[69 9999951 9999954 9999963 9999911 9999902 11 73 20 65 9999982 60 68 9999941 9999947 63 6 59 9999937 9999974 29 9999986 9999962 57 18 9999956 63 36 19 9999919 36 91 80 9999992 85 92 18 9999916 9999945 9999920 34 8 9999978 77 9999927 72 9999975 9999953 55 50 9999921 20 9999936 9999931 88 9999948 9999965 53 37 9999946 60 9999965 9999919 9999939 99 9999930 61 74 9999908 9999990 9999899 9999968 20 4 22 9999989 9999995 98 99 66 9999974 86 17 1 20 71 56 9999965 87 9999921 1 9999939 9999998 9999982 9999956 42 9999969 9999922 9999935 75]
[17 9999964 9999922 9999950 9999960 97 9999959 9999996 76 9999971 9999914 80 10 89 9999909 43 93 9999989 40 9999974 31 9999905 9999971 55 49 87 9999905 51 9999913 9999970 9999917 65 9999921 73 9999991 9999991 9999905 43 19 9999950 18 76 57 45 9999973 9999947 9999991 37 9999908 9999903 23 9999916 9999946 35 10 25 24 21 9999963 9999977 9999972 11 9999909 9999986 67 96 94 26 9999940 9999929 48 9999931 9999983 9999981 9999902 9999988 35 89 9999926 9999974 9 96 9999920 53 52 9999899 9999951 26 49 9999978 84 59 49 9999976 68 23 43 95 9999929 9999929]
[9999960 64 9999919 9999945 9999931 9999955 9999941 65 9999933 9999969 41 9999910 83 27 20 9999939 9999972 98 9999930 9999907 9999983 22 53 9999973 20 9999947 7 19 5 9999903 9999988 82 9999939 82 9999940 9999927 68 11 78 5 9999934 9999924 9999921 9999992 6 9999938 9999957 79 9999927 65 49 9999984 49 8 8 52 76 9999988 9999966 9999943 9999943 9999981 9999985 2 21 9999959 2 35 91 9999966 9999976 30 9999907 9999951 64 73 9999948 73 9999984 9999987 9999916 53 56 9999991 9999900 9999972 14 71 9999923 73 9999957 9999980 51 9999943 9999927 49 9999931 36 86 9999944]
[19 1 9999907 44 9999964 9999968 10 9999914 9999975 58 86 9999928 71 9999905 9999982 63 9999978 27 29 9999967 87 12 59 9999943 9999911 63 55 9999929 9999918 48 58 9999929 9999941 93 94 9999908 60 9999933 57 85 9999981 80 54 9999959 55 9999954 33 60 9999974 9999977 19 9999963 9999931 9999908 9999902 13 35 9999942 68 9999941 9999993 9999963 9999995 2 9999994 9999939 40 9999950 40 9999902 66 61 28 9999953 34 90 9999914 9999915 9999909 9999956 4 91 9999905 7 9999923 9999972 9999934 9999899 48 9999946 9999930 39 97 9999957 9999964 86 9999917 29 9999970 9999950]
[9999925 9999906 73 90 9999963 9999908 9999948 9999988 9999995 59 9999900 63 6 9999957 81 9999947 72 64 56 9999951 17 9999979 86 45 9999961 9999995 9999925 9999973 9999913 9999979 9999959 9999982 46 25 48 39 88 9999981 9999959 78 9999929 9999949 9999974 9999964 9999996 24 9999927 9999962 9999967 9999903 9999947 9999981 71 9999914 82 9999931 9999915 9999985 9999915 84 19 71 90 9999963 9999911 34 48 45 9999960 9999902 9999907 9999976 12 2 3 39 9999906 9999933 20 91 9999966 9999909 9999974 28 13 9999920 52 96 12 74 9999979 9999984 9999938 4 9999919 9999992 9999963 9999907 68 61]
[9999948 20 41 9999916 9999919 67 9999953 9999940 54 10 9999928 9999913 9999920 59 9999971 9999954 26 9999910 36 9999963 9999955 67 66 9999980 9999940 9999919 9999933 9999967 50 70 9999969 9999921 9999915 9999947 37 42 6 84 9999933 9999960 73 9999919 9999918 13 9999934 9999986 9999947 2 9999989 9999924 45 9999975 97 9999980 9999963 66 9999992 9999914 9999968 9999975 39 9999924 9999990 52 9999922 99 18 53 9999924 9999948 1 94 21 9999942 9999973 65 93 9999985 9999922 9999980 30 40 1 9999983 9999942 9999951 9999958 9999928 9999965 59 9999927 83 92 55 51 9999946 78 8 9999956 9999944]
[9999913 9999955 7 9999956 81 9999930 9999909 90 96 9999925 9999992 60 9999986 62 9999972 9999922 94 56 9999942 9999928 76 10 9999975 6 89 71 38 46 9999975 91 9999949 9999987 9999921 83 49 9999980 9999918 87 9999933 14 9999961 9999939 68 90 9999998 9999906 9999919 42 9999918 26 2 9999906 9999931 86 49 9999932 85 9 9999921 62 47 45 72 9999951 55 9999970 25 9999995 9999931 5 9999899 67 9999913 0 48 9999900 39 9999910 9999957 11 69 47 9999899 3 37 9999943 99 9999992 78 17 2 9999952 9999960 31 54 36 66 73 74 9999970]
[79 81 9999958 9999899 9999955 9999900 9999922 9999997 2 9999996 9999957 9999906 9999911 25 86 9999948 9999940 61 9999930 9999968 49 87 9999958 9999913 9999985 9999930 9999927 0 9999942 9999911 9999944 9999949 43 9999965 8 50 85 9999958 9999920 84 61 9999910 9 37 15 25 59 9999924 29 9999946 9999947 9999981 76 84 9999948 9999920 9999914 9999982 81 9999954 9999936 9999964 9999950 34 9999954 92 68 9999974 9999900 9999951 9999947 92 92 48 9999911 9999905 94 49 9999983 96 11 9999907 77 9999957 89 9999977 13 8 9999914 9999986 9999918 9999905 48 9999903 5 52 9999994 21 9999970 9999954]
[9999904 79 17 9999947 36 9999952 9999913 9999962 9999987 72 1 9999962 34 39 63 66 9999928 9 45 95 9999997 9999994 6 17 95 39 58 61 9999949 9999978 57 26 57 9999925 9999981 9999968 63 69 45 59 86 9999980 56 11 6 9999916 39 9999903 9999966 61 99 9999973 9999957 9999912 9999915 9999947 64 66 98 87 9999939 9999977 38 9999912 9999997 9999918 9999948 9999913 61 9999953 9999902 9999925 9999947 73 31 6 9999922 9999947 85 86 22 39 58 55 2 72 9999960 9999942 9999907 87 9999932 83 15 23 5 9999930 5 18 9999927 11]
[9999953 9999936 78 99 50 9999937 9999901 92 1 9999937 48 95 17 9999938 96 9999921 76 38 9999995 9999968 9999916 9999931 9999921 21 9999993 71 9999941 9999983 9999966 9 27 49 41 9999975 20 9999913 97 24 9999975 9999973 3 9999938 9999939 9999936 9999911 9999950 53 9999910 9999925 9999935 9999950 9999967 42 20 10 70 88 9999927 0 9999913 9999919 9999904 36 9999989 97 62 7 9999973 9999921 96 35 9999920 9999932 9999990 42 9999952 9999925 59 78 64 9999954 9999924 85 9999956 21 9999940 9999917 43 9999918 72 9999905 84 9999986 9999944 9999990 93 93 9999944 9999959 69]
[68 9999916 9999943 13 9999941 9999956 9999956 9999927 96 86 9999945 31 9999947 80 95 45 84 56 9999943 40 15 24 9999914 9999927 18 82 3 9999926 9999956 90 9999908 9999926 81 64 9999922 9999939 13 59 9999944 9999983 27 9999949 9999912 34 9999992 31 61 23 54 28 62 9999915 9999955 9999962 22 99 50 9999912 9999922 60 9999926 9999950 9999979 9999942 60 9999942 9999982 9999977 9999955 96 12 3 41 28 48 99 9999919 9999939 16 22 9999915 33 45 9999906 9999954 80 57 9999924 9999926 9999906 9999926 9999980 51 70 9999905 9999935 64 56 9999969 9999946]
[88 70 48 9999959 27 73 9999965 24 7 93 52 9999995 59 9999979 9999928 57 40 9999913 9999958 50 31 9999917 8 9999921 62 9999945 9999899 9999993 9999978 9999956 9999961 34 9999934 9999996 25 74 9999934 9999941 94 9999917 9999969 31 22 9999915 51 63 87 86 20 85 9999948 84 77 9999928 49 9999936 9999916 42 9999956 9999939 9999983 9999994 98 9999924 9999964 9999919 9999958 9999952 23 63 16 9999913 52 9999960 42 43 97 70 40 9999970 51 9999977 9999944 9999961 99 9999932 25 9999923 87 9999969 9999943 11 21 13 9999980 9999965 9999947 98 9999899 9999966]
[9999949 49 9999993 38 1 50 9999963 9999985 9999925 88 97 58 67 9999942 9999922 78 9999954 9999905 9999927 9999939 9999926 10 4 9999946 98 60 9999909 81 36 9 9999924 41 9999904 96 30 9999988 9999966 25 50 9999933 9999971 9999982 9999930 9999954 94 27 17 9999937 77 9999949 43 9999974 9999946 9999968 9999937 36 9999934 9999910 9999927 67 9999932 9999924 9999956 9999925 41 9999977 9999925 47 78 9999900 9999915 27 9999990 9999928 30 9999978 9999929 74 39 15 9999916 25 9999997 21 49 9999963 9999920 12 9999909 9999998 9999943 27 61 9999970 7 53 53 9999904 85 9999986]
[37 9999989 52 9999966 42 9999949 9999961 67 9999935 29 17 9999990 9999906 80 9999982 9999919 9999904 9999940 9999955 97 78 9999989 9999921 9999989 84 3 9999957 9999906 5 9999943 40 15 9999907 32 60 82 57 1 9999922 9999977 9999990 9999914 9999952 49 9999899 27 9999960 9999932 9999989 55 81 60 9999950 9999927 4 9999906 9999981 83 56 6 91 9999924 91 9999948 9999945 89 9999988 9999911 9999934 48 60 9999949 9999973 0 9999934 93 1 9999951 72 18 63 8 59 7 9999930 9999921 9999918 41 9999930 9999978 9999944 19 9999979 50 80 9999907 9999919 9999938 9999952 9999954]
[46 9999951 35 9999902 9999995 29 72 9999969 9999970 72 41 9999919 9999904 19 9999991 9999923 9999993 9999968 9999935 9999989 25 9999909 77 96 9999933 9999933 91 71 9999933 28 72 81 40 9999977 9999977 9999939 9999964 9999995 71 38 9999938 88 61 92 87 35 8 52 9999957 9999971 9999978 9999911 9999964 9999983 51 50 15 9999962 9999907 9999948 9999974 9999943 69 98 10 15 9999913 72 9999901 9999966 52 40 95 99 35 9999903 32 12 9999941 16 22 9999966 5 9999903 67 5 9999920 9999942 93 88 9999907 9999961 14 55 87 9999979 43 98 9999909 9999959]
[0 95 15 67 9999960 9999986 98 9999901 78 18 9999928 13 41 9999922 9999956 31 9999925 71 22 80 91 90 9999927 20 9999983 9999982 9999929 15 16 9999933 88 34 9999899 68 45 45 34 96 58 11 45 9999938 9999955 95 7 1 9999983 9999945 9999970 45 43 27 51 99 54 9999965 77 9999936 79 17 9999956 33 11 31 16 9999987 9999949 23 51 59 9999948 64 9999917 37 26 9999938 9999909 9999919 66 9999990 5 69 93 9999915 98 73 9999969 75 9999903 87 15 57 54 9999983 9999933 56 9999948 9999981 0 50]
[47 23 9999946 9999939 9999955 9999920 17 69 9999944 9999963 9999948 57 13 31 9999905 19 39 95 59 9999981 43 79 91 9999950 9999902 9999912 26 51 9999980 86 9999982 9999925 78 9999913 77 9999930 9999905 9999983 30 9999969 83 9999919 9999979 9999918 9999919 9999978 27 39 9999974 9999986 21 25 17 9999991 9999926 9999957 31 9999988 9999920 9999948 70 9999966 30 56 9999959 9999914 32 94 39 9999945 9999950 9999976 61 9999953 9999906 9999988 62 20 98 9999966 47 9999924 9999997 9999956 9999909 9999979 9999998 63 9999911 18 9999991 4 9999907 9999938 9999984 23 9999997 61 61 9999925]
[9999942 86 9999939 9999985 9999948 65 57 99 9999910 9999928 71 63 71 9999940 75 9999924 9999899 47 26 61 9999954 9999962 56 9999988 65 9999947 53 49 20 41 33 9999938 9999935 9999929 9999907 91 9999915 58 9999913 44 31 0 23 42 49 54 87 95 9999926 23 9999910 9999905 33 61 9999939 9999933 9999910 56 9999951 29 9999982 9999939 9999992 36 96 82 9999908 82 56 9999945 9999981 9999961 74 9999930 9999971 9999988 9999923 9999953 9999919 9999977 54 31 9999902 9999978 9999946 9999918 9999972 51 9999949 32 62 86 9999919 9999940 30 9999945 9999902 26 9999912 9999901]
[9999992 78 83 36 32 9999974 34 9999912 9999905 16 9999954 9999947 43 8 9999936 13 9999909 9999953 9999940 9999982 79 9999969 78 48 35 9999912 9999967 9999988 2 87 6 9999992 9999930 9999948 9999946 9999960 77 9999965 4 9999915 9999902 9999954 44 9999994 9999928 9999973 9999986 9999985 51 20 41 56 9999994 9999987 82 9999997 9999973 9999915 9999950 9999947 20 9999905 9999910 9999991 0 9999997 2 9999985 45 9999982 1 79 9999966 9999978 89 9999921 9999921 9999960 64 9999960 9999968 9999915 9999930 9999948 9999972 99 3 9999930 85 9999960 9999912 63 90 9999954 38 68 9999914 9999936 9999998 9999996]
[30 61 9999985 9999944 9999903 9999933 78 15 48 96 9999970 35 9999962 9999990 41 43 20 99 9999939 4 9999966 10 54 9999969 80 42 8 88 50 80 63 9999917 12 81 59 70 9999922 71 9999995 9999987 9999931 9999952 6 9999959 9999914 9999923 9999906 85 9999973 9999963 9999912 68 9999924 25 67 9999901 85 9999950 9999940 42 80 84 92 4 9999986 74 82 42 9999955 75 9 9999924 11 9999915 79 9999952 9999910 49 60 20 9999985 24 9999981 68 41 9999955 9999966 45 28 9999921 9999986 96 9999970 22 9999978 9999974 27 6 9999903 9999969]
[58 94 9999903 85 9999956 9999918 21 9999955 9999934 9999904 76 91 86 9999916 9999939 9 99 9999986 9999956 21 18 38 79 28 94 9999905 9999989 9999923 12 21 12 87 9999930 9999968 71 24 44 22 37 78 9999959 9999978 25 68 99 99 9999929 9999908 9999942 9999939 9999916 27 12 9999952 9999933 9999997 31 43 9999963 22 9999945 12 9999987 4 9999949 9999938 9999950 9999967 9999917 9999923 9999907 9 9999941 42 12 93 9999904 39 18 9999908 9999903 2 9999971 67 9 98 9999954 9999969 9999918 70 9999988 9999905 21 9999953 10 4 9999921 2 27 14]
[55 49 9999935 33 9999961 9999901 9999934 9999903 9999921 54 9999951 99 9999905 9999950 9999940 91 9999979 9999964 9999950 9999979 9999947 83 9999963 78 9999966 9999962 9999908 9999935 90 82 9999975 9999917 9999992 27 15 16 13 9999976 2 79 96 9999987 9999986 84 77 38 34 85 9999907 90 20 68 9999991 9999928 9999922 9999970 9999909 9999932 9999914 71 9999909 55 14 52 9999922 65 9999924 52 19 9999975 44 9999947 9999929 9999916 47 13 71 9999907 61 2 9999910 9999974 9999973 31 9999986 9999950 36 9999908 39 9999948 34 9999973 70 70 9999968 9999991 69 9999954 9999981 9999983]
[78 40 19 9999917 41 45 9999912 6 9999925 9999961 9999918 31 7 41 15 24 2 13 25 9999953 9999957 18 76 9999962 9999956 67 9999936 9999957 7 9999983 6 9999909 9999983 27 95 9999951 18 10 9999902 9999952 49 62 85 9999948 9999925 9999907 95 9999916 7 9999988 9999957 9999968 9999936 6 72 9999912 24 9999998 95 52 9999992 8 59 16 77 9999955 54 11 9999981 47 9999972 9999921 9999953 9999937 9999903 9999940 9999926 42 76 9999926 9999990 9999960 86 9999987 20 37 9999935 9999955 9999926 9999992 64 29 75 45 94 9999942 9999931 9999917 9999959 9999997]
[82 9999977 9999908 29 9999973 9999940 9999967 9999926 77 86 9999946 9999951 9999943 9999994 40 84 97 19 71 9999967 9999926 9999958 9999937 77 9999978 82 71 33 73 85 88 9999955 9999918 57 9999935 9999994 9999935 9999943 9999986 9 22 84 9999932 9999982 9 9999990 53 9999979 13 9999907 53 9999961 76 95 9999980 66 69 9999905 9999917 9999957 19 9999972 9999933 9999905 9999963 25 33 9999939 9999998 9999910 9999932 9999984 0 9999973 9999947 92 9999968 9999954 9999928 9999988 9999913 9999971 9999933 9999940 92 72 66 9999900 9999904 9999958 9999956 9999946 9999942 9999960 36 9999900 95 58 9 69]
[28 9999965 9999915 35 79 9999916 9999927 9999956 5 9999980 9999966 5 58 51 32 9999993 55 56 9999899 9999968 9999934 21 23 9999969 9999986 54 23 48 9999968 9999947 74 77 9999913 38 93 6 9999906 9999932 42 9999935 52 99 68 44 27 9999965 9999918 9999959 9999968 2 9999943 9999905 41 49 0 0 9999965 49 9999945 9999906 9999930 59 25 9999913 9999936 14 15 9999901 45 9999899 89 98 12 9999904 10 83 9999993 35 16 9999922 32 9999979 9999945 67 9999997 63 63 9999931 9999982 21 9999995 9999903 34 76 52 39 9999934 9999974 9999900 9999913]
[9999973 66 34 36 9999989 5 9999902 50 9999948 50 9999956 40 97 9999900 92 49 73 9999944 9999978 9999949 2 9999962 9999943 37 9999926 9999918 41 9999924 9999919 9999906 9999954 88 94 78 9999915 72 9999932 9999977 9999990 16 9999910 32 16 75 9999997 9999978 9999973 15 9999965 9999969 80 42 29 60 47 9999991 55 66 9999910 90 24 9999922 3 9999951 26 79 9999977 9999938 15 9999920 9999966 9999974 9999943 9999918 9999929 9999912 9999951 95 86 9999921 9999908 9999923 9999949 21 45 9999914 13 9999946 69 9999909 89 8 56 61 12 34 11 65 9999938 36]
[0 9999981 9999973 9999988 21 10 9999975 9999991 9999900 99 30 9999988 9999910 9999962 66 7 9999957 7 75 30 9999924 9999975 96 9999990 15 13 9999994 9999931 11 9 9999930 50 14 44 7 96 62 9999905 9999965 33 84 9999901 9999941 10 32 30 76 65 91 74 9999904 9999949 83 9999980 9 9999921 42 9999996 9999944 9999985 58 9999998 9999957 9999989 53 9999984 9999928 9999984 9999983 9999991 44 57 52 9999930 9999996 10 26 50 9999948 9999989 9999920 29 9999992 9999914 77 53 9999998 9999922 9999904 55 73 9999908 37 37 9999941 34 64 9999924 9999939 63]
[96 9999936 9999946 9999955 9999964 9999931 63 1 9999914 76 54 9999929 9999987 32 3 9999980 47 9 9999974 94 9999960 53 47 81 54 31 95 9999922 44 9999920 86 9999962 9999902 9999948 69 44 9999980 63 9999993 41 9999909 9999984 78 2 22 9999907 95 9999902 17 9999943 72 9999944 88 36 9999963 39 9999989 49 9999954 93 9999953 84 8 79 7 68 91 86 85 76 84 18 9999954 9999981 9999966 9999905 9999937 9999996 78 9999988 55 25 9999990 9999970 9999960 61 83 9999922 98 9999959 12 35 9999961 9999992 9999938 14 9999921 9999933 9999938 37]
[9999924 35 9999935 9999945 9999953 9999994 9999915 99 9999977 9999937 9999946 9999944 64 69 84 9999949 58 83 20 83 76 46 9999940 9999930 17 9999996 35 9999948 34 49 9999932 80 23 69 70 9999923 9999899 54 9999911 67 64 9999966 9999949 9999913 9999921 9999947 9999987 80 78 9999903 93 9999950 39 9999965 9999952 15 0 9999899 9999957 9999991 55 89 9999951 84 48 37 9999917 71 9999995 9999917 9999955 9999907 9999991 9999903 36 35 9999899 84 9999986 4 6 9999988 9999929 80 87 75 27 20 39 96 9999968 3 0 9999936 67 9999929 39 40 14 9999935]
[9999973 45 1 9999984 41 9999937 59 23 9999936 9999909 9999974 65 44 74 7 38 4 48 9999921 9999965 9999906 9999959 21 96 41 9999901 92 9999920 77 9999909 50 64 97 9999926 57 9999926 79 9999931 9999991 9999912 9999965 9999975 9999983 9999907 5 24 70 9999994 9999973 9999908 77 18 9999995 9999926 9999997 89 96 20 54 6 85 98 9999987 9999905 77 9999921 9999901 9999934 68 9999921 50 9999979 9999947 98 9999998 46 9999989 9999917 9999945 32 9999974 88 9999927 9999977 9999946 50 59 33 4 96 9999938 9999989 9999903 9999978 87 26 40 9999900 61 96]
[19 58 9999922 9999908 9999902 9999964 9999995 9999956 9999922 9999909 9999952 9999979 76 84 9999928 9999952 9999997 27 55 60 54 9999910 30 9999948 32 9999997 9999935 9999962 9999977 0 5 81 9999998 9999911 98 34 9999975 54 98 88 61 39 59 9999954 89 9999944 23 25 9999963 9999911 9999903 87 52 9999962 74 21 9999965 9999991 53 41 88 93 2 62 9999949 9999976 85 9999899 9999925 9999966 9999944 28 19 9999980 63 9999961 19 53 9 58 50 4 37 9999950 9999925 80 9999917 9999907 9999987 59 9999899 18 50 69 9999932 9999928 95 53 9999960 9999941]
[9999995 9999956 9999957 74 9999924 25 15 56 86 9999929 9999919 50 9999957 9999963 88 32 48 49 89 9999936 9999983 13 91 9999936 22 9999954 14 71 9999976 78 62 93 9999957 14 9999994 3 9999910 34 9999903 44 63 90 92 9999951 96 9999963 9999976 48 2 9999983 9 46 23 9999987 45 9999966 9999911 49 33 9999923 9999920 9999917 9999972 65 63 9999955 9999989 3 9999991 9999908 9999981 9999949 40 9999985 95 10 9999902 4 9999946 9999956 3 90 9 9999904 9999986 63 84 52 99 9 4 76 9999914 9999919 71 14 9999916 9999901 9999921 7]
[9999941 9999907 8 9999978 9999987 9999993 9999994 97 9999925 8 65 55 9999900 98 9999969 95 9999970 2 92 53 1 76 29 9999899 9999982 56 9999900 9999921 65 9999927 73 9999979 65 9999958 9999962 9999988 9999979 43 9999915 86 90 9999955 9999901 9999955 9999978 14 9999951 9999932 91 9999974 61 9999943 9999931 9999933 33 9999943 37 71 77 42 80 61 31 30 9999967 37 9999965 9999927 9999985 9999986 8 9999945 9999910 59 9999922 10 9999963 9999924 9999900 9999956 95 59 9999925 18 69 35 9999966 61 9999986 26 9999922 9999997 67 9999982 90 24 43 9999988 88 9999988]
[89 9999972 31 9999934 71 43 96 9999906 9999902 9999900 9999923 60 9999938 15 9999995 9999903 9999942 9999918 9999947 98 58 9999917 9999986 92 81 9999993 9999978 52 9999981 9999996 8 9 65 19 54 9999932 41 9999906 6 24 9999921 9999986 87 9999974 63 84 9999944 37 52 9999917 9999942 66 34 35 39 18 9999951 9999959 9999937 75 9999912 9999904 9999951 9999929 9999921 78 9999982 9999959 17 9 46 75 1 9999996 9999920 9999937 9999924 9999921 9999939 9999977 37 50 65 9999932 72 9999966 45 9999944 18 9999995 9999909 9999924 19 9999937 70 9999939 9999921 9999959 24 9999977]
[9999968 9999918 48 9999967 2 11 43 46 61 9999991 57 9999937 9999986 66 9999961 9999958 95 86 9999992 21 90 91 35 40 9999952 9999975 32 9999907 17 59 9999934 92 48 1 68 9999964 96 9999929 9999944 31 9999948 9999921 28 89 95 94 9999902 16 48 9999987 69 93 4 39 9999967 49 80 9999943 37 52 17 41 9999959 9999957 9999960 82 9999900 9999931 44 9999987 4 88 9999985 31 9999938 15 9999934 9999992 9999961 66 96 94 9999907 9999915 67 9999986 8 24 29 40 40 61 9999927 9999954 9999963 67 23 9999914 9999922 81]
[9999901 9999995 47 9999961 9999971 9999948 25 72 89 80 80 97 26 73 9999974 9999928 97 9999935 55 13 9999902 9999966 75 59 38 9999948 9999991 76 6 73 98 9999953 38 9999951 9999926 9999965 9999969 9999905 79 93 64 9999902 61 9999905 9999914 9999929 9999946 54 76 9999966 98 51 22 9999946 2 52 9999904 9999919 0 18 9999940 57 71 76 9999982 75 57 9999944 9999951 76 55 69 82 96 9999916 51 38 99 54 76 96 9 47 9999979 91 97 9999997 69 9999912 85 0 9999984 9999969 4 9999929 9999909 9999969 9999958 9999945 9999953]
[9999970 5 9999965 9999905 20 13 63 9999931 43 18 9999952 24 9999996 94 9999949 9999961 63 36 45 9999989 9999918 64 9999949 9999990 24 9999976 90 82 9999947 9999938 9999941 9999989 9999927 79 13 9999963 99 9999945 5 9999976 32 9999994 68 9 9999956 19 57 9999959 9999949 0 2 9999922 90 9999978 9999914 9999958 9999996 9999943 39 90 9999929 9999996 9999941 69 9999989 75 12 9999928 89 1 19 70 16 76 49 9999931 25 89 37 9999951 9999941 9999928 9999984 0 9999928 35 9999946 9999937 9999958 44 18 58 67 9999950 9999957 9999900 3 72 31 9999977]
[9999920 21 67 73 77 34 84 9999963 9999929 9999972 9999959 9999911 9999929 9999952 98 64 9999916 9999923 78 9999944 9999949 9999961 9999942 9999920 9999973 47 9999949 9999939 9999961 9999993 9999922 60 9999986 16 9999985 26 80 45 31 9999916 9999911 85 29 9999959 9999994 45 60 9999966 28 9999945 89 9999989 37 9999954 77 34 9999976 98 37 73 9999906 49 9999947 9999988 27 9999914 71 9999958 98 9999916 9999938 95 16 53 9999940 93 9999906 9999991 9999926 9999962 30 15 9999962 9999937 9999968 9999989 9999974 19 9999936 94 9999987 9999962 25 68 9999998 58 9999982 98 9999916 9999971]
[38 67 9999899 77 9999921 28 9999904 55 74 4 84 5 9999928 34 23 9999961 35 9999971 9999993 9999909 9999914 9999984 9999953 50 9999976 2 9999906 9999928 55 24 78 9999914 9999949 9999992 9999941 13 18 9999986 9999956 88 9999904 9999924 49 21 9999926 9999977 9999900 91 9999997 57 9999974 53 31 9999929 9999951 9999930 59 9999994 9999947 43 73 9999935 68 54 1 21 0 9999938 9999932 9999986 9999989 80 7 39 62 9999972 47 9999927 78 9999943 9999928 3 40 28 9999924 67 26 9999995 9999906 17 9999931 9999937 38 9999950 48 9999917 9999989 9999937 9999906 9999976]
[9999987 9999989 9999962 9999980 9999954 29 9999916 63 9999986 68 9999922 27 4 76 9999936 9999909 9999945 79 41 4 95 9999958 9999938 9999978 9999974 89 4 9999948 9999942 27 55 4 9999965 97 31 9999954 9999940 9999985 9999913 74 61 9999938 9999944 72 9999922 12 9999921 22 9999987 83 84 38 37 90 7 9999949 22 9999971 67 9999935 9999938 9999992 9999924 59 9999942 9999988 90 55 9999932 9999959 30 10 9999981 9999983 9999912 13 9999905 9999968 9999909 20 94 57 9999980 9999989 2 9999951 2 9999982 30 9999925 9999998 9999964 83 17 77 9999962 9999919 29 64 22]
[73 35 54 29 9999921 20 98 9999941 9999921 82 9999949 9999980 14 17 87 13 32 9999965 58 93 1 82 47 26 94 9999986 9999900 9999932 9999997 98 86 9999909 2 59 26 9999969 29 12 83 9999977 23 9999942 99 43 9999965 9999986 9999952 9999941 92 9999966 9999967 69 9999914 52 9999968 9999966 9999993 9999930 62 9999988 9999913 48 9999958 9999954 47 9999998 9999913 76 9999956 40 90 9999948 9999949 57 63 90 92 9999923 9999989 81 4 89 9999949 9999954 38 9999930 9999980 9999947 9999971 56 83 67 36 53 73 31 9999951 68 9999901 18]
[9999925 39 35 46 9999951 23 9999900 69 18 9999902 9999943 9999964 9999925 56 9999948 9999952 9999992 9999990 27 9999958 2 9999907 86 9999925 90 14 9999995 9999974 9999906 9999926 9999931 39 46 9999958 39 9999997 9999932 56 9999959 9999900 44 12 27 91 9999968 89 9999971 9999989 95 38 9999975 9999915 81 47 9999974 63 92 81 75 25 73 61 58 61 44 41 9999939 9999925 85 9999912 60 82 9999901 9999901 9999925 79 9999914 9999910 9999992 9999944 9999963 9999963 9999970 4 60 80 64 9999934 57 9999924 19 9999981 33 9999906 9999903 86 9999937 6 28 25]
[9999976 9999951 9999987 93 18 9999916 9999970 9999948 9999948 9999958 9999952 24 9999918 2 79 9999941 50 9999908 9999908 9999987 74 51 9999958 2 81 9999952 19 98 28 58 9999928 9999930 9999909 89 9999900 9999919 9999986 27 9999904 37 96 14 55 26 75 55 3 57 9999945 9999908 39 34 59 9999952 52 0 22 9999985 31 20 9999932 33 9999991 36 15 87 9999985 92 48 18 9999962 45 61 9999902 9999984 9999935 65 9999954 91 9999907 89 9999938 9999979 44 45 87 9999969 66 9999937 9999907 31 9999914 9999906 9999969 52 9999960 9999908 9999952 99 9999910]
[30 9999901 59 9 9999902 9999983 95 9999912 78 68 9999928 9999942 9999970 36 9999985 48 9999981 13 9999955 93 48 9999919 9999979 22 72 9999934 27 24 9999932 9 9999950 9999939 45 54 14 45 9999980 9999912 35 9999954 9999902 9999958 62 73 9999988 9999941 31 18 9999985 9999978 55 9999988 9999962 46 9999967 9999954 9999903 11 9999900 15 9999997 41 9999948 47 50 75 64 20 29 39 57 9999933 14 55 29 21 73 9999991 9999921 87 95 43 5 9999992 9999995 50 9999928 9999959 9999973 11 73 9999963 15 65 38 93 9999976 9999929 9999957 9999991]
[54 5 9999939 9999984 9999991 9999979 53 9999980 9999990 24 26 21 0 9999927 73 9999912 9999940 9999961 43 9999915 51 9999947 39 9999956 9999963 9999985 9999920 9999935 19 4 9999904 9999901 39 9999977 9999988 36 93 9999919 51 65 9999917 9999954 9999903 26 93 9999998 9999957 9999957 86 9999936 9999993 9999916 34 57 64 58 9999900 9999969 12 52 44 9999919 9999973 42 9999981 9999927 9999988 82 9999951 9999975 76 9999967 60 95 24 76 34 9999932 9999992 47 9999981 9999976 9999950 55 9999960 29 93 9999992 31 9999965 27 99 9999998 9999915 9999905 94 9999922 9999920 66 81]
[28 33 9999933 89 9999957 9999934 9999967 9999935 31 36 9999961 5 75 9999920 9999906 9 87 9999988 40 9999912 9999970 9999951 9999950 38 68 9999976 44 79 78 9999923 73 55 9999904 46 1 9999901 6 40 82 77 22 67 9999981 92 66 9999998 9999903 9999928 9999912 70 47 9999942 9999950 9999934 67 75 76 84 32 7 9999963 19 84 43 7 9999938 9999939 13 36 21 9999899 9999923 71 40 9999996 9999921 9999988 71 9999944 99 9999986 9999984 9999952 9999991 15 9999923 88 60 1 9999992 51 9999924 24 3 50 73 9999987 9999985 0 9999911]
[9999942 4 9999943 9999995 83 9999939 82 9999933 9999940 25 65 9999938 2 9999967 83 9999972 9999953 21 94 9999974 9999970 41 21 91 9999963 16 9999902 95 18 79 11 59 9999914 9999902 9999942 98 9999977 9999996 72 42 9999937 95 9999952 9999985 9999990 36 9999932 41 34 94 9999984 0 13 9999910 74 9999919 22 9999926 9999964 73 0 9999961 39 9999917 9999906 9999930 9999952 9999957 9999945 9999993 9999899 4 37 9999998 82 30 9999979 9999959 37 9999916 91 77 9999911 9999907 39 9999974 9999954 9999920 0 70 9999952 54 44 9999974 3 9999970 9999912 9999979 9999985 79]
[55 74 6 9999900 9999966 41 38 38 9999990 34 4 11 50 27 9999921 77 9999940 9999957 9999977 31 3 9999993 74 13 67 15 57 9999920 9999991 48 9999922 51 9999960 9999992 11 9999925 9999902 9999902 9999971 58 9999940 22 94 9999955 9999978 9999903 92 51 5 9999986 9999938 9999989 38 9999970 0 78 9999928 9999926 88 51 16 65 9999947 9999938 9999937 9999931 71 9999911 78 9999992 84 9999929 29 51 71 9999947 9999939 33 69 9999901 9999912 56 9999911 4 9999939 81 63 17 94 43 9999952 9999977 59 9999979 3 97 15 9999956 61 9999910]
[51 9999946 9999953 11 81 64 9999988 9999991 69 9999967 57 93 9999956 66 9999995 9999989 9999908 90 9999925 9999922 9999941 9999944 9999937 9999911 9999979 9999977 9999967 97 6 9999966 9999916 89 9999943 69 76 89 28 53 9999937 9999906 9999933 93 32 63 17 71 69 73 9999901 48 9999967 9999965 9999982 36 62 43 9999968 47 46 27 9999955 59 9999931 9999947 87 98 40 74 6 9999965 9999920 29 15 11 9999956 9999930 40 84 8 9999915 9999920 9999929 9999998 66 9999953 9999934 9999959 45 9999969 9999951 9999998 9999914 42 9999931 9999948 9999941 38 9999943 3 20]
[98 65 84 74 66 9999930 97 8 9999912 9999964 57 9999950 9999937 9999994 10 44 97 94 9999929 48 81 9999981 9999929 44 9999944 13 9999937 9999918 63 44 9999917 43 76 62 55 9999970 79 9999921 9999923 9999991 1 0 9999946 9999972 15 4 9999909 99 9999932 9999960 51 89 92 9999901 69 9999966 84 14 37 9999931 9999958 9999908 6 9999971 54 9999986 9999936 13 26 9999908 16 96 98 16 9999902 61 9999935 9999993 38 9999966 79 90 9999903 9999936 51 81 9999991 50 34 44 48 11 5 9999952 51 9999913 99 24 45 16]
[35 36 9999974 0 63 88 9999911 9999957 82 9999903 9999949 68 9999955 9999960 9999914 9999942 9999938 0 4 9999906 76 9999966 14 72 9999938 96 15 9999943 55 13 9999959 48 23 9999973 9999911 62 9999935 34 9999917 9999920 9999910 9999936 9999903 9999987 9999936 9999942 9999902 9999977 9999945 71 40 84 22 37 58 99 9999907 9999966 23 15 9 38 9999904 22 9999924 64 70 99 46 9999959 43 9999972 61 9999940 3 52 28 9999900 9999958 76 28 3 9999983 88 13 62 9999957 38 68 27 9999933 9999948 17 9999959 6 9999982 9999950 40 24 9999989]
[26 6 9999984 9999927 9999982 70 9999922 61 93 9999958 9999964 9999952 24 9999988 35 9999983 9999934 54 3 51 9999926 9999984 9999917 58 22 75 9999937 55 9999975 30 80 9999997 9999899 77 9999917 90 9999983 49 6 62 86 74 13 9999969 9999951 9999993 9999988 9999944 9999931 4 9999905 14 5 22 5 9999964 9999916 59 9999923 9999961 9999936 9999971 4 9999918 52 1 9999921 9999980 19 9999947 9999925 64 42 94 90 71 81 62 82 52 9999921 18 9999989 9999978 9999967 95 89 9999908 9999934 9999983 60 44 9999986 7 9999913 32 9999938 9999937 57 83]
[9999982 9999923 9999913 89 9999981 99 40 74 9999918 9999922 9999973 22 9999974 9999952 63 85 9999938 28 99 23 9999943 69 39 9999946 9999951 95 9999967 9999950 40 74 58 9999977 9999977 9999917 9999967 35 10 9999998 17 9999991 9999996 9999960 70 92 44 67 9999973 23 9999905 95 79 9999919 43 80 53 9999961 3 59 16 43 27 9999995 93 70 20 46 67 64 71 38 71 58 9999899 9999925 9999986 47 47 9999963 90 9999968 9999927 19 9999974 9999985 9999949 20 9999913 33 95 35 76 9999960 73 9999924 9999961 29 45 9999953 9999971 9999904]
[57 9999904 81 9999927 42 95 9999972 36 92 15 9999977 40 31 9999946 9999934 9999947 45 77 9999919 43 9999907 8 9999925 84 9999905 9999933 8 9999933 9999935 9999988 9999914 95 81 3 9999910 85 28 9999973 9999949 9999903 30 9999986 56 9999975 9999959 46 72 9999910 9999962 63 9999933 9999996 99 61 23 31 9999925 9999928 9999961 17 40 54 20 9999952 26 65 9999980 9999921 28 9999971 9999940 9999913 9999921 9999983 63 71 9999992 9999913 79 9999954 69 9999977 9999941 9999928 79 13 9999982 9999901 71 9999975 83 40 27 9999917 9999956 48 9999963 9999902 73 9999964]
[61 68 0 9999956 44 13 96 60 9999917 3 9999926 9999904 9999909 59 29 25 9999954 15 46 9999922 60 74 45 25 9999974 3 9999925 9999915 48 9999937 9999936 9999968 9999926 9999912 9999980 47 92 24 9999990 76 14 18 9999984 69 9999977 20 62 95 29 4 49 83 9999984 9999997 63 9999912 9999901 34 59 38 9999961 48 9999956 6 55 58 69 8 9999929 9999946 43 9999995 85 9999909 9999963 9999900 9999959 9999933 9999944 63 9999973 53 43 9999951 9999964 9999988 9999922 81 65 9999987 9999926 26 9999908 9999970 58 86 9999911 9999905 9999929 9999955]
[6 9999908 9999935 9999921 2 96 10 9999971 38 39 19 39 66 9999932 9999921 74 57 9999968 9999989 90 9999906 71 5 14 9999996 32 9999931 13 5 9999938 46 9999904 70 44 88 9999984 9999949 69 9999954 9 3 9999920 9999921 9999968 10 9999989 9999958 9999954 9999913 9999957 9999925 46 91 9999981 15 46 54 9999974 88 9999938 9999974 73 0 95 9999963 9999938 24 83 3 9999940 64 9999975 64 9999947 9999970 82 86 9999993 9999941 9999928 24 9999980 11 9999942 9999953 9999916 68 9999959 23 9999967 76 40 9999905 75 69 52 9999990 9999986 9999979 78]
[9999908 9999956 9999951 49 81 9999941 9999998 9999978 47 62 38 9999926 9999946 71 9999939 9999942 9999985 9999970 22 50 9999965 62 9999899 9999919 57 9999977 9999980 83 9999915 9999927 9999950 68 9999983 98 9999987 22 95 45 20 9999956 9999943 9999998 66 9999986 15 83 9999921 9999905 9999989 9999935 9999979 9999986 9999953 87 25 9999934 9999931 17 9999967 24 9999942 9999995 90 9999939 9999905 9999968 76 9999929 9999998 73 9999952 5 98 76 54 96 9999945 9999948 82 9999992 9999962 10 88 41 9999979 8 77 9999906 14 9999957 9999949 23 45 9999988 3 1 30 9999972 9999946 42]
[9999973 9999980 9999996 9999938 9999988 54 74 75 9999899 9999949 39 9999908 9999932 9999930 80 9999919 64 9999997 54 98 9999959 9999957 57 76 6 9999935 98 9999954 9999952 9999976 21 9999915 9999977 9999960 18 9999940 9999958 9999923 9999914 91 9999964 9 9999941 9999915 41 82 46 97 9999926 26 0 9999983 42 1 7 9999955 9999899 22 9999945 9999957 56 45 9999968 91 85 9999900 9999912 9999903 9999905 23 9999941 31 58 9999929 44 9999936 9999918 90 9999957 26 41 9999964 84 9999987 9999910 29 9999955 9999917 9999945 9999941 9999935 46 21 9999919 9999923 9999933 9999903 41 9999917 9999959]
[62 46 9999926 9999922 56 20 77 9999970 9999915 86 9999931 10 82 9999909 9999976 35 27 9999936 34 43 13 54 9999950 9999942 29 43 82 54 9999906 24 9999983 48 9999968 9999909 9999996 9999904 5 9999931 9999910 37 58 54 9999958 28 65 9999997 9999971 31 9999949 9999931 9999970 35 9999977 9999940 6 9999951 52 9999988 62 9999971 9999946 9999962 85 70 9999944 14 9999918 36 9999980 9999958 58 9999934 86 4 48 63 32 52 9999948 9999959 54 66 9999917 47 9999916 9999966 69 77 9999900 9999922 0 9999977 9999971 9999991 40 85 0 42 9999924 26]
[9999992 9999990 9999902 93 98 8 9999969 9999915 9999940 9999941 9999960 9999994 9999919 9999975 83 74 9999974 9999955 50 19 9999932 9999958 33 25 9999925 9999942 9999991 9999965 9999996 48 99 99 46 9999994 9999929 9 86 9999950 9999941 9999979 75 9999907 9999943 9999924 81 9999944 9999943 37 13 5 7 9999903 9999931 9999947 97 78 79 9999914 9999988 87 9999917 70 15 98 24 9999901 9999946 48 99 9999901 9999942 97 29 9999976 9999932 6 9999972 9999970 9999918 9999973 93 51 91 9999970 9999944 9999974 9999970 9999929 9999932 9999941 11 88 66 62 9999989 9999917 25 36 9999957 9999960]
[9999942 38 48 9999904 9999941 9999924 9999909 65 98 9999975 83 9999903 9999901 9999950 9999903 9999955 9999964 95 9999951 9999974 44 3 9999967 59 66 96 25 9999926 9999981 9999946 9999943 9999912 9999918 61 9999966 9999986 9999975 52 29 11 38 96 33 9999928 34 9999997 9999972 55 9999985 97 27 9999972 9999916 9999904 21 9999912 9999950 75 70 9999964 9999978 53 21 9999957 9999973 9999927 9999936 9999912 52 82 9999943 9999937 9999926 9999976 31 18 49 34 9999974 12 20 55 9999963 9999920 82 9999922 9999948 9999968 44 9999994 9999935 43 84 91 9999935 9999978 9999940 89 16 9999968]
[53 29 78 9999996 96 83 85 9999970 9999904 9999996 14 9999949 2 9999918 48 73 88 9999968 94 54 9999926 87 9999919 57 92 9999965 83 14 9999984 92 9999982 62 9999950 44 9999938 9999975 96 9999988 9999976 71 9999918 9999990 9999945 66 9999928 9999904 9999933 17 20 41 77 49 9999998 98 11 48 9999899 52 52 63 28 9999969 40 51 9999938 47 1 9999938 9999934 20 9999937 69 6 48 68 22 54 7 9999955 9999927 9999925 9999912 92 9999958 9999933 54 11 47 97 9999966 9999944 9999952 9999933 48 9999947 3 9999954 0 25 34]
[9999995 6 44 9999903 9999925 9999904 9999902 65 99 9999900 9999906 51 24 9999919 52 91 12 9999946 9999987 6 9999929 1 9999972 19 9999944 28 9999983 8 48 9999948 9999910 90 9999951 64 9999979 41 71 28 9999993 9999935 25 9999903 86 9999959 68 44 44 85 9999931 9999982 9999960 23 9999908 9999904 42 9999936 9999988 48 16 9999926 74 52 52 9999942 82 75 9999937 76 63 81 77 9999998 9999998 70 9999929 54 88 9999939 9999949 9999950 6 9999915 34 9999953 9999900 9999902 73 9999907 9999902 23 37 72 9999909 9999983 9999903 78 9999899 7 9999958 9999957]
[16 75 9999902 9999933 9999973 78 81 9999905 65 9999917 9999942 24 9999944 9999987 9999972 9999991 59 9999903 42 3 9999912 58 89 9999931 9999991 9999997 81 9999977 74 42 9999933 9999965 2 29 9999952 57 40 48 9999951 9999945 9999929 50 35 48 48 9999902 9999985 39 9999964 9999980 4 9999899 27 9999957 9999901 9999950 9999940 87 1 90 9999929 56 43 22 9999941 9999909 34 17 9999928 9999945 9999989 90 80 94 17 94 9999941 9999905 54 36 9999981 52 49 9999986 9999929 6 61 26 12 45 9999962 9999923 9999933 18 9999902 9999970 81 2 9999915 62]
]