[[37 9999946 80 23 9999975 9999940 9999916 9999919 13 99 9999941 9999920 6 9999974 18 9999958 59 9999900 9999944 9999944 9999993 9999932 51 9999978 60 9999972 9999958 9999906 68 1 40 92 63 20 9999944 9999907 21 9999971 31 9999948 70 9999942 45 9999942 9999949 9999958 9999906 12 9999991 31 28 13 15 36 26 89 9999901 9999992 9999961 37 9999971 9999978 97 97 67 55 55 9999940 95 9999985 9999996 9999988 9999903 9999942 95 36 9999932 9999911 9999982 72 14 81 38 9999966 16 9999952 39 15 9999968 9999943 39 9999918 9999986 19 9999973 9999983 9999922 9999910 59 57]
[63 9999961 95 58 9999967 9999971 70 9999957 18 89 9999983 9999933 9999957 9999960 9999967 9999902 10 9999944 9999921 16 9999974 84 84 9999987 9999938 9999907 9999997 9999979 48 9999926 90 5 81 56 70 9999943 3 94 41 9999966 9999936 12 15 9999919 9999920 9999993 75 9999900 9999904 50 9999949 69 47 46 3 9999932 66 98 9999915 9999920 72 32 74 9999993 77 10 9999952 60 9999956 20 64 9999920 9999992 9999901 9999938 60 9999976 9999917 9999950 9999900 9999970 9999948 10 64 28 9999982 45 9999979 9999939 9999935 9999920 9999955 7 62 9999915 49 49 9999906 65 76]
[4 70 46 37 62 9999986 35 9999997 9999960 9999954 9999955 17 9999937 1 9999932 9999961 75 14 50 99 9999951 16 76 9999913 9999916 9999933 9999998 81 26 28 9999941 15 9999948 9999979 9999936 65 9999951 9999978 9999917 48 91 9999901 9999911 9999983 9999950 61 83 9999997 40 9999996 8 53 9999969 99 9999941 78 84 29 9999928 9999942 9999918 95 9999964 34 58 9999923 57 9999974 9999939 9999990 96 6 9999955 9999987 83 27 9999991 75 9999950 95 20 15 4 32 63 9999948 67 2 9999928 13 24 9999926 9999966 74 9999910 9999903 9999981 88 76 91]
[38 9999909 9999982 46 86 70 18 40 9999961 9999927 9999983 9999930 9999966 19 35 28 35 9999982 77 9999928 15 9999901 9999925 99 9999901 9999991 9999930 9999901 9999965 9 9999982 9999905 9999931 9999955 15 38 6 9999931 5 9999966 9999919 9999933 20 9999938 9999936 9999947 82 74 54 9999956 9999904 79 60 49 13 9999901 68 26 9999951 42 95 9999982 91 46 88 88 9999988 9999963 9999905 86 71 91 9999900 9999936 9999916 9999971 9999953 9999911 18 9999901 9999968 54 78 30 9999906 9999931 59 9999954 61 20 56 9999966 9999986 6 20 56 73 9999950 9999993 9999997]
[9999994 9999989 9999928 52 70 4 52 64 9999987 9999936 9999902 9999986 9999899 40 7 5 9999920 9999951 20 9999908 32 21 43 57 9999913 58 68 51 9999903 9999922 9999931 9999906 49 9999970 9999899 9999987 50 47 9999928 42 9999986 92 9999940 9999986 9999915 9999989 9999956 9999992 9999979 9999975 83 37 15 27 66 85 88 9999957 9999955 9999942 9999907 57 98 80 87 9999990 9999980 9999964 2 9999933 7 9999961 9999979 50 9999990 57 75 10 9999909 47 53 9 50 17 9999935 81 8 82 9999938 9999978 9999974 9999908 9999937 9999909 9999981 44 9999917 9999921 9999961 9999924]
[7 90 0 9999965 9999928 46 9999953 9999927 55 72 36 93 9999932 9999948 9999949 9999987 9999965 19 9999978 83 92 68 37 13 9999909 42 9999969 9999990 9999911 9999913 69 68 9999969 91 9999957 45 32 32 9999929 19 79 65 1 9999906 86 9999914 12 9999913 70 49 9999981 90 9999935 9999933 9999927 88 9999904 9999989 16 92 39 9999928 98 9999944 9999940 9 95 9999902 98 81 9999997 47 70 9999970 93 95 95 6 9999970 9999982 9999904 82 89 80 35 9999900 9999987 9999963 70 9999908 68 9999950 9999912 9999966 29 67 80 9999990 9999916 9999976]
[9999905 44 37 9999958 30 9999914 9999992 9999908 37 56 6 9999957 26 9999949 85 9999991 51 39 47 73 20 91 9999908 9999936 18 94 9999967 22 9999945 4 9999960 64 9999925 9999991 24 41 91 78 59 59 9999990 61 58 44 73 9999903 9999991 9999954 94 45 23 73 9999899 9999987 9999937 9999987 9999969 84 52 9999953 9999921 9999951 9999943 85 66 36 97 9999931 72 9999924 9999910 9999961 9999981 9999910 37 98 6 12 9999987 9999925 93 17 9 9999936 79 9999932 46 9999932 47 18 9999960 9999913 9999912 24 9999901 9999958 79 9999950 9999909 9999942]
[9999932 84 1 51 9999948 50 9999998 9999960 9999918 9999981 9999968 9999955 66 20 9999997 9999920 43 24 94 9999978 65 14 9999941 9999964 86 72 82 9999907 9999951 9999920 4 9999943 9999993 35 76 9999914 9999913 86 49 9999972 13 9999903 9999970 9999925 51 34 10 44 69 23 9999948 9999902 9999907 9999978 9999911 25 68 9999983 9999973 5 9999981 71 60 75 14 24 9999961 9999905 82 71 81 56 9999930 9999988 9999953 47 49 73 9999940 57 9999973 85 9999938 9999925 9999931 46 3 54 94 7 9999988 25 9999970 9999948 9999941 9999903 9999962 60 9999923 31]
[9999915 17 94 9999954 53 9999960 9999908 9999933 9999997 33 9999960 9999915 82 9999956 69 99 69 9999998 65 9999941 27 9999927 9999981 9999915 9999958 9999958 9999911 9999972 9999950 90 90 50 9999946 39 9999996 36 59 9999959 63 9999988 95 9999983 9999977 86 3 33 9999943 62 55 9999913 77 34 19 73 9999949 9999946 97 9999971 17 72 75 50 9999915 11 44 9999915 43 28 3 64 87 31 9999899 9999929 9999918 23 1 94 34 9999977 63 89 9999973 9999916 9999937 48 37 9999939 9999921 9999967 4 9999930 9999958 6 85 76 70 80 9999914 9999928]
[9999906 9999900 9999986 63 27 9999913 63 9999950 9999976 70 9999978 9999992 83 9999948 9999976 65 79 9999945 9999978 9999976 18 88 12 54 9999938 35 9999963 9999941 86 9999917 9999949 9999934 64 9999960 9999903 75 9999910 58 13 22 9999946 9999917 58 9999916 9999908 9999924 91 48 9999926 9999914 9999963 55 9999911 9999919 9999942 31 26 9999978 58 76 88 9999956 10 1 20 9999963 57 9999908 9999991 64 9999996 8 28 93 58 31 9999995 9999950 9999966 9999903 9999910 9999909 98 38 9999934 26 9999954 9999978 10 9999980 9999910 9999946 72 9999923 24 58 9999935 9999925 9999996 9999986]
[97 55 9999922 27 9999997 9999912 3 9999955 9999969 89 9999992 68 9999931 9999977 9999947 65 84 9999921 27 11 9999964 9999934 71 9999989 99 9999962 50 93 9999900 9999940 9999979 9999968 95 9999975 9999913 2 9999920 9999947 39 9 9999994 9999997 9999923 82 9999933 9999922 46 9999922 9999916 9999921 9999993 82 9999967 9999976 99 9999904 9999903 9999906 9999928 9999918 76 9999983 55 9999904 44 57 9999907 37 9999985 27 90 9999899 9999970 9999974 9999972 9999976 9999946 9999903 9999931 9999946 59 78 41 9999948 98 9999965 65 23 9999912 7 9999949 9 88 9999920 89 67 65 9999913 9999953 9999971]
[6 9999912 23 49 9999998 86 9999954 9999993 9999998 17 9999998 61 9999899 10 9999940 44 9999911 9999950 64 18 91 9999950 32 49 3 27 97 29 15 9999962 9999966 9999952 9999990 36 56 57 42 9999903 52 31 58 9999912 9999950 92 9999904 9999914 2 9999971 9999906 9999957 9999975 9999988 81 9999978 9999912 9999975 39 9999972 49 9999952 61 9999945 79 9999974 9999930 9999963 9999970 50 9999924 35 4 44 97 46 9999961 9999943 9999989 81 45 59 72 43 9999911 9999921 9999954 9999949 32 89 71 9999918 9999964 9999946 9999926 9999953 9999958 39 9999914 64 9999960 9999901]
[9999952 9999954 9999918 9999899 6 20 9999907 62 75 9999938 9999901 9999903 24 80 76 98 51 9999936 9999959 44 30 9999954 9999942 9999971 9999954 43 9999969 37 96 2 9999903 79 9999933 38 9999944 9999931 9999941 83 31 9999949 9999948 9999961 6 88 9999980 43 9999911 75 9999935 69 98 75 37 9999921 49 9999952 6 9999978 52 45 13 9999931 12 9999968 98 91 9999991 76 9999940 9999985 9999903 9999933 62 67 2 9 14 9999902 9999981 9999929 9999972 9999956 55 9999904 86 9999972 9999928 9999972 19 48 60 9999989 9999992 9999985 9999901 74 15 97 42 32]
[31 32 9999899 94 23 57 9999940 9999961 9999956 9999918 9999950 36 9999966 37 11 41 9999958 88 86 9999905 9999961 9999915 76 21 9999940 96 9999937 40 46 9999981 20 9999987 56 9999996 9999971 9999966 66 15 58 9999961 9999918 88 9999934 81 55 91 9999963 40 9999925 9999900 43 0 9999956 9999994 3 20 9999930 9999911 9999931 70 35 91 86 9999923 7 9999995 9999915 9999966 9999926 4 15 57 75 3 31 96 33 37 27 9999948 3 53 40 77 76 9999947 9999934 9999911 9999916 4 9999946 70 9999994 32 9999990 9999909 5 9999906 86 9999991]
[9999912 9999917 93 9999920 9999979 27 9999953 9999992 9999924 49 74 64 9999914 61 14 9999914 9999996 14 26 9999998 92 9999944 44 43 9999992 9999955 9999910 43 33 9999949 9999911 0 9999913 9 54 62 0 9999991 37 81 64 9999942 53 82 73 7 63 89 9999954 58 9999930 1 9999978 49 9999944 9999917 9999919 50 96 9999971 9999922 31 76 71 53 9999990 9999925 57 86 37 9999937 9999971 9999946 62 98 92 48 94 9999911 9999964 16 8 83 4 1 52 10 9999903 21 9999973 87 95 9999937 9999971 56 50 9999997 9999977 9999969 76]
[9999918 4 66 9999977 6 70 52 75 9999919 9999951 83 92 9999919 28 9999989 9999963 9999991 67 60 95 9999969 9999903 61 97 9999994 41 9999916 9999985 77 67 0 41 56 15 9999950 9999910 9999972 9999971 38 99 9999941 9999970 34 24 99 9999979 93 72 60 9999990 9999959 9999927 49 9999973 9999914 50 9999985 34 57 92 9999915 9999956 9999951 9999955 9999997 4 64 9999959 30 41 9999982 9999926 9999938 93 11 56 2 63 5 9999922 26 9999935 9999900 9999942 9999990 9999983 34 14 28 2 9999973 73 49 9999928 9999992 86 9999970 90 9999955 73]
[50 9999914 31 9999991 9999986 93 9999913 9999919 9999966 9999930 47 9999956 9999941 9999953 9999922 9999973 1 9999929 26 9999945 9999916 9999982 9999900 9999962 9999901 9999997 3 9999923 53 54 9999982 79 24 9999985 7 9999914 41 32 9999913 66 9999974 89 25 56 9999951 15 9999970 9999961 97 9999935 6 34 68 86 6 9999916 0 9999902 22 9999997 33 9999902 9999953 9999947 9999992 5 4 9999969 3 9999928 13 9999979 9999921 9999991 9999996 9999941 9999905 78 9999991 9999918 9999931 9999961 25 9999941 9999900 9999932 82 75 12 72 82 98 19 24 54 9999956 43 79 60 9999933]
[28 97 18 82 27 9999966 74 72 9999930 9999997 32 51 60 9999975 91 4 9999900 2 13 9999951 62 94 9999931 9999902 9999989 9999924 42 81 82 9999920 6 79 61 57 9999942 9999988 9999932 1 13 41 44 9999944 91 9999934 75 70 9999992 62 0 64 91 9999967 9999965 9999921 73 49 9999933 9999941 3 36 9999921 6 17 9999949 49 9999991 94 24 9999989 9999972 9999997 9999992 9999952 9999919 13 88 9999967 9999994 9999960 9999962 9999972 62 70 98 7 7 20 54 78 9999924 81 9999990 9999994 9999958 9999912 42 67 35 13 9999993]
[1 17 9999927 62 14 9999903 9999981 53 9999900 9999958 43 9999978 11 9999928 35 71 63 77 7 33 8 99 11 9999968 84 29 9999963 87 9999937 9999927 9999942 9999904 90 9999996 65 9999916 49 9999903 9999916 9999906 9999908 9999941 9999950 9999917 9 9999974 9999903 14 83 9999903 59 84 9999923 9999928 80 59 6 78 9999903 30 5 48 20 43 9999983 9999928 52 81 46 2 9999939 9999955 61 39 9999954 30 93 10 66 88 45 23 62 60 8 73 9999917 9999994 9999969 9999962 9999920 75 16 9999935 9999958 21 75 93 86 9999948]
[28 9999944 9999953 22 9999951 75 18 9 9999975 66 15 34 66 9999968 9999986 69 64 9999933 52 9999977 9999957 1 5 9999921 89 9999978 6 35 4 9999968 9999941 49 97 72 9999974 9999906 26 9999943 10 9999966 38 98 14 74 71 9999911 91 9999903 9999987 3 80 9999910 56 9999902 9999942 9999973 85 19 64 38 33 9999909 9999947 10 9999931 68 9999951 96 9999944 9999921 89 9999921 9999927 71 9999926 41 45 9999903 99 9999912 56 86 55 9999989 9999961 9999911 9999938 31 9999998 92 9999990 72 9999908 33 87 9999910 67 41 9999943 87]
[33 43 56 9999970 11 28 9999996 22 36 12 9999920 58 8 21 64 9999945 98 8 44 85 21 82 9999965 22 9999958 64 31 15 11 85 62 9999935 9999977 9999904 9999957 9999978 33 9999956 46 95 9999952 9999963 55 83 9999989 68 9999905 57 9999966 9999923 63 43 66 9999942 73 46 9999916 9999938 9999910 94 82 9999998 9999905 57 9999988 48 85 9999958 79 9999941 76 76 9999964 88 98 9999954 9999973 9999991 9999904 75 32 9999922 9999935 9999956 61 78 9999963 43 90 9999922 24 9999991 37 9999990 9999941 9999914 9999979 9999922 9999989 9999912]
[9999998 31 94 28 96 22 14 9999916 9999936 73 75 9999972 9999933 9999908 9999969 69 72 3 58 9999926 12 8 9999985 9999907 9999933 9999948 9999969 76 73 19 9999902 9999941 88 43 9999919 25 9999928 9999993 9999991 9999931 42 9999972 9999962 9999955 9999943 70 9999992 9999907 9999924 82 79 9999975 28 9999979 9999967 9999936 9999957 58 9999942 10 36 9999995 9999951 79 87 64 98 9999913 9999974 9999981 73 26 9999981 9999989 59 41 80 9999984 16 9999900 68 43 62 9999935 9999934 9999968 9999968 9999983 85 9999944 9999992 9999988 17 76 10 33 9999919 89 42 9999903]
[9999986 82 9999970 8 9999959 69 94 9999989 89 91 46 9999994 44 9999991 9999990 24 9999946 9999906 9999966 17 9999935 9999986 9999986 48 9999938 9999976 15 9999946 9999936 9999955 29 9999991 34 9999976 55 19 9999932 87 82 11 87 89 9999951 73 9999956 9999934 9999993 59 9999911 1 56 9999965 9999985 9999996 2 9999965 42 13 34 88 9999995 9999912 9999973 9999907 9999912 9999965 9999954 41 20 26 41 9999909 9999959 9999965 47 74 61 0 62 55 70 40 9999902 9999950 42 9999928 9999934 22 9999992 45 9999951 75 9999969 79 26 9999945 24 9999994 34 9999951]
[54 9999933 9999920 9999957 5 9999955 57 49 9999944 9999929 33 9999964 9999903 6 8 20 9999922 37 63 13 31 9999918 9999952 9999934 86 9999955 9999992 23 16 35 9999910 10 31 9999966 9999909 64 9999948 9999934 98 97 9999989 44 67 9999981 9999968 9999993 93 9999924 57 9999900 9999990 9999957 9999962 28 92 84 82 33 9999948 55 71 9999990 92 28 86 9999985 9999954 56 78 9999916 79 9999950 19 9999915 9999975 9999988 9999907 29 54 32 9999930 50 9999987 9999921 31 9999984 61 93 9999995 9999961 67 38 99 57 9999912 9999905 17 9999979 19 76]
[66 46 66 86 9999979 9999971 27 73 9999919 70 9999926 9999986 38 27 9999922 9999905 61 0 2 9999949 9999961 9999983 9999959 9999901 9999987 38 9999976 31 5 36 9999990 9999956 86 34 9999986 9999976 64 9999976 9999952 9999987 9999922 9999940 9999935 68 9999960 9999934 27 79 66 47 13 88 9999937 11 63 58 9999950 9999907 9999940 94 9999963 59 80 9999943 30 59 9999975 9999920 80 9999933 77 9999917 9999974 9999981 9999921 9999962 9999969 9999967 9999966 2 9999929 9999943 9999959 9999933 9999959 30 21 70 21 9999997 64 27 78 9999997 51 9999909 9999927 74 9999924 9999927]
[17 21 9999928 9999921 32 50 9999911 8 69 71 68 9999946 12 9999901 9999981 54 9999907 24 14 77 9999970 9999949 9999997 64 35 83 9999946 15 11 58 9999924 4 9999899 9999947 9999928 9999910 69 81 9999926 92 9999962 81 86 70 9999945 85 0 74 27 24 9999959 96 71 70 9999936 71 12 15 9 87 7 24 9999961 9999990 76 6 9999919 16 65 9999948 70 67 93 9999968 9999926 9999990 9999913 45 9999952 28 9999960 56 76 9 9999951 9999990 7 51 23 79 93 87 29 82 36 9999906 9999945 9999938 93 23]
[46 68 79 9999982 8 40 9999938 52 26 1 56 5 42 1 9999950 9999942 94 85 96 9999918 51 9999908 59 47 55 9999957 9999932 9999922 44 8 9999900 81 5 47 9999918 9999981 9999968 9999923 9999925 9999909 9999934 9999928 34 9999979 12 25 9999952 9999933 87 9999968 9999974 85 94 42 11 9999935 9999922 86 53 69 74 9999943 9999952 9999985 30 94 35 80 55 9999986 9999996 28 9999960 9999934 9999957 9999957 9999941 9999905 9999990 71 9999947 9999950 16 9999927 9999928 41 9999958 78 91 29 20 9999936 29 74 9999942 54 9999899 32 9999998 64]
[83 9999936 9999962 75 9999920 9999992 9999991 9999934 9999957 9999907 90 29 9999955 2 69 19 9999992 9999919 9999963 85 56 9999965 31 9999945 97 9999986 9999916 12 9999972 49 9999975 48 70 9999958 69 87 30 63 81 77 29 6 9999917 9999980 94 9999940 64 99 9999912 9999995 9999926 10 9999935 19 48 49 9999985 45 73 53 17 9999921 9999918 9999997 27 13 95 9999944 9999907 78 9999903 13 9999912 9999927 9999950 46 79 88 79 87 9999935 49 9999906 9999905 89 26 31 9999995 9999982 9999970 9999910 9999923 91 9999953 9999959 35 27 9999933 9999954 9999904]
[9999992 12 23 9999932 9999989 9999966 9999944 41 9999960 55 97 61 9999909 9999903 9999940 21 9999964 43 22 70 9999985 59 24 9999929 9999943 50 25 31 16 93 9999953 22 42 9999941 9999960 58 9999916 9999976 9999908 63 9999943 13 24 9999925 56 9999994 11 9999980 9999949 11 9999994 24 9999931 9999901 9999911 9999988 9999944 57 9999906 38 68 67 9999972 27 9999974 94 9999984 9999970 82 9999955 9999989 9999906 9999978 9999945 9999986 19 9999916 55 9999903 58 61 9999935 86 9999951 9999967 39 93 10 33 9999916 26 9999916 6 9999950 9999966 51 9999962 45 64 9999927]
[9999960 94 9999929 15 9999951 9999935 9999967 60 9999921 9999983 59 9999969 9999984 9999955 9999947 9999926 59 9999986 5 9999950 66 78 9999900 9999916 3 9999964 9999914 89 9999997 56 77 9999964 42 9999926 9999919 32 91 9 9999915 9999942 81 9999946 9999907 20 9999937 9999967 9999945 84 6 70 97 9999983 9999970 9999984 0 73 9999977 15 9999960 84 32 9999950 9999923 9999931 96 9999985 9999996 70 9999949 9999946 9999931 9999945 9999932 9999966 9999929 91 11 31 9999959 9999991 9999901 9999973 9999964 9999964 60 9999976 75 9999926 55 9999916 35 84 9999973 85 11 0 9999902 9999991 84 9999974]
[46 9999924 9999941 9999967 77 9999957 84 71 11 61 9999975 88 22 48 89 64 62 68 65 9999928 66 9999899 9999920 9999950 90 9999993 9999934 9999899 9999965 9999943 14 53 9999918 9999976 9999939 88 9999951 37 45 9999946 9999970 9999922 9999961 9999929 79 35 31 9999962 9999992 9999942 73 43 44 9999911 9999957 9999991 96 38 54 9999981 9999970 93 9999946 75 50 9999971 6 9999967 32 9999940 9999938 91 9999950 9999946 28 36 9999909 9999923 9999949 9999985 36 52 81 37 9999985 9999931 44 59 55 0 9 9999943 56 51 92 9999996 9999997 9999905 90 83]
[9999917 9999948 94 9999954 9999994 9999941 9999923 2 9999900 82 9999928 9999921 9999963 9999957 74 9999945 9999928 9999940 9999903 80 14 95 9999959 76 9999927 82 79 9999924 9999988 72 9999955 8 9999955 45 9999913 60 9999969 77 30 19 9999948 9999947 9999942 34 29 9999962 52 9999966 93 20 75 9999997 9999944 9999979 9999935 9999977 9999923 9999919 9999984 9999925 55 9999972 99 85 9999934 9999949 9999966 9999992 9999939 37 16 11 59 17 72 77 26 9999949 6 82 9999901 9999949 93 85 9999951 9999964 20 9999918 81 9999908 45 36 9999984 57 69 9999991 97 9999989 18 9999905]
[23 91 9999950 94 9999923 9999912 44 12 87 9999948 9999923 9999913 33 9999901 9999964 35 79 9999932 9999980 9999901 24 9999981 41 66 9999969 99 9 76 88 85 22 63 12 9999904 9999901 9999996 47 88 9999928 78 46 10 12 52 9999932 9999979 88 9999947 25 22 9999953 60 9999907 9999919 20 99 1 35 2 9999970 9999956 9999965 9999960 9999953 69 3 9999907 9999970 17 9999901 9999972 9999913 81 9999988 87 9999991 9999938 99 71 99 9999919 9999907 9999973 75 61 96 9999964 9999944 31 27 27 9999905 28 57 23 18 9999954 9999950 67 9999945]
[9999996 9999971 9999927 9999916 98 42 9999930 9999918 72 9999952 9999964 9999967 23 68 9999986 98 9999919 1 82 9999956 9999916 9999923 83 56 27 68 9999965 9999978 9999988 56 9999929 9999957 9999944 9999930 9999985 29 9999956 94 9999938 47 25 89 88 9999927 9999974 9999998 86 8 9999916 9999926 9999975 90 9999929 47 3 9999926 46 9999933 9999937 9 9999907 9999978 99 78 9999966 9999918 9999959 9999936 9999976 64 56 20 6 3 9999957 9999964 21 9999970 30 9999940 0 44 9999922 9999970 42 74 9999917 9999924 9999988 77 9999992 9999984 17 9999993 45 9999948 9999955 9999959 8 9999967]
[9999961 9999909 9999981 9999976 9999965 9999904 54 9999970 80 70 9999972 9999933 9999937 9999974 96 9999920 6 9999978 57 9999969 9999909 76 9999960 9999951 9 9999922 23 9999959 42 9999973 9999902 9999966 9999950 9999994 57 9999997 9999921 15 9999967 9999961 18 91 9999919 9999977 9999991 79 9999926 74 47 72 9999949 9999995 23 9999972 9999982 9999980 9999996 27 51 24 9999913 19 9999946 9999947 9999970 9999913 9999917 9999932 9999984 9999924 9999943 80 9999988 21 61 18 38 47 9999946 9999964 9999935 9999938 43 5 9999985 74 9999995 20 30 9999982 9999966 73 9999978 9999944 9999921 9999933 9999965 80 42 65]
[41 88 9999964 42 9999937 9999927 9999984 33 54 9999911 9999953 9999985 9999966 9999985 9999966 38 25 9999967 9999952 9999930 9999954 9999990 9999907 10 58 75 89 66 9999902 58 77 9999929 9999957 41 9999953 9999975 9999995 28 9999931 49 8 20 80 9999929 73 56 44 9999936 9999926 9999979 26 9999944 12 56 47 9999919 99 9999926 9999933 9999913 9999937 9999963 49 9999927 79 94 2 68 44 21 9999951 77 9999919 9999957 9999961 33 9999991 9999955 9999913 32 64 91 52 9999916 9999901 9999909 9999902 75 38 37 9999963 30 9999929 88 9999965 67 9999980 9999921 4 9999921]
[9999917 9999904 9999976 57 9999933 47 9999971 79 36 9 9999955 9999907 9999958 41 9999914 9999945 9999981 9999930 9999958 87 27 65 20 55 9999963 9999952 9999913 79 9999955 6 7 73 9999908 51 89 74 43 48 9999955 9999963 88 9999979 9999987 45 9999956 74 9999951 9999912 55 9999909 9999924 9999989 21 9999912 9999914 26 61 49 9999985 9999981 63 9999937 50 1 68 9999930 9999906 9999958 9999973 9999966 15 82 9999929 9999954 55 87 28 38 9999990 46 30 9999968 8 9999910 9999986 1 54 92 9999903 49 9999920 9999983 89 5 55 9999959 10 9999978 9999932 9999964]
[9999985 9999900 20 20 9999949 9999944 9999935 9999927 9999994 12 50 9999964 9999958 63 9999953 9999942 72 9999933 9999947 9999930 9999963 39 9999905 71 9999912 9999926 34 9999944 61 1 9999969 9999939 98 9999903 62 5 9999962 33 9999935 9999922 9999921 9999908 76 9999930 16 9999978 9999915 9999968 83 9999902 9999957 9999959 42 96 13 27 78 64 76 9999902 9999946 15 27 97 9999961 9999990 9999944 9999919 22 16 66 15 8 75 9999938 9999972 1 9999928 48 9999913 9999966 50 58 9999937 70 9999955 20 99 9999923 36 9999988 40 9999998 9999959 72 9999993 9999968 3 9999952 55]
[9999900 86 9999919 9999904 9999943 9999917 9999945 60 9999914 9999985 9999967 31 9999902 3 98 9999997 88 33 9999917 9999903 75 50 46 9999955 9999899 9999905 9999994 72 76 9999990 99 9999932 9999930 9999951 9999984 9999908 70 3 28 21 66 9999954 91 9999974 9999904 24 27 9999947 22 9999919 9999928 17 93 9 9999992 9999909 9999940 9999985 3 97 9999945 12 6 9999979 9999916 24 9999933 9999907 9999907 9999967 9999959 15 63 11 8 9999992 9999934 92 9999934 41 72 66 78 74 25 9999931 60 9999988 9999918 9999975 23 9999986 9999979 48 9999928 9999972 9999926 25 9999939 9999996]
[58 9999925 28 9999937 9999899 30 9999908 81 72 92 9999960 9999939 13 36 45 9999945 9999970 9999905 62 29 33 9999980 9999917 9999910 9999989 9999988 8 54 9999955 28 66 9999919 9999901 9999906 69 9999901 45 44 6 9999997 42 43 9999919 79 9999910 9999983 9999956 31 9999997 9999931 9999931 33 60 8 9999919 10 94 89 60 9999993 9999992 21 83 9999988 39 9999983 96 9999977 34 2 9999961 9999993 0 9999906 9999930 9999957 9999996 9999938 92 63 45 46 9999973 8 75 9999923 6 9999934 9999990 41 9999913 9999997 9999936 10 77 24 9999909 11 95 33]
[9999920 55 9999983 48 9999996 74 9999971 58 9999978 9999994 5 9999962 9999910 49 81 30 63 7 9999984 0 9999921 51 9999917 9999996 37 9999947 98 9999910 9999968 78 9999984 9999952 9999974 9999957 9999911 9999936 9999940 9999997 40 83 9999974 81 9999971 44 9999905 9999924 98 71 88 9999925 9999926 9999909 9999938 66 32 9999983 3 64 9999994 68 5 9999941 9999968 99 8 9999949 29 12 3 9999992 9999979 9999922 7 43 48 65 4 11 9999965 75 9999969 9999917 9999924 9999959 15 13 55 99 9999920 9999975 94 9999988 9999921 9999998 9999969 9999916 46 38 71 96]
[27 91 54 9999905 9999951 9999960 9999946 9999942 9999989 98 9999920 58 9999955 9999931 42 22 9999979 85 9999899 9999955 9999948 9999984 57 17 89 9999923 90 68 55 9999915 9999943 9999955 9999995 9999922 9999931 9999966 9999899 9999970 18 9999984 5 9999922 9999920 68 40 28 29 9999983 9999926 67 9999958 9999909 75 9999995 9999969 9999987 36 9999974 99 89 9999969 34 9999978 76 9999915 9999957 9999938 89 53 94 9999948 50 62 9999936 9999910 9999937 9999942 30 9999998 80 9999947 9999985 20 31 9999915 9999979 9999932 9999975 9999959 9999957 48 56 55 7 9999899 9999987 68 65 9999974 73]
[72 91 9999970 9999928 94 19 9999978 51 9999927 9999923 9999995 5 9999913 9999978 9999991 9999939 9999901 49 32 9999954 67 29 9999962 46 9999919 9999899 9999986 98 58 1 65 23 9999913 90 12 9999912 9999916 9999984 9999943 66 66 9999973 84 86 26 3 98 9999963 9999965 85 9999994 18 91 20 84 9999926 76 69 9999909 9999954 9999979 9999957 11 69 17 9999987 19 9999972 75 9999984 36 9999915 13 29 9999962 9999965 45 16 76 98 9999983 9999922 31 9999963 9999959 73 9999997 9999944 99 99 9999987 34 9999914 56 56 9999979 57 53 14 9999932]
[9999957 9999975 49 9999969 9999968 78 9999988 77 77 35 80 9999959 83 28 64 87 9999958 19 9999922 9999960 9999974 9999985 9999976 53 62 94 77 93 9999985 84 9999902 1 9999991 39 22 61 8 9999906 34 72 9999955 9999904 9999919 88 26 98 9999961 70 86 9999930 9999956 16 75 9999942 9999983 32 9999949 43 9999937 9999943 54 9999906 57 4 9999994 9999976 9999907 20 9999972 9999901 56 78 77 91 9999924 17 27 11 9999903 9999960 41 9999921 82 9999921 9999936 9999995 9999902 46 80 81 99 9999970 11 55 91 26 9999924 68 34 66]
[57 18 35 9999993 9999989 28 9999996 42 74 9999900 7 9999941 2 9999980 36 9999990 0 80 34 9999932 9999970 9999925 54 9999927 9999930 14 9999913 87 9999982 9999957 9999982 9999909 31 9999972 9999921 78 42 77 68 9999964 97 9999979 37 60 9999928 8 9999984 9999991 9999966 99 9999963 42 9999903 9999965 52 9999914 9999899 9999984 9999961 9999923 9999966 69 77 99 62 62 9999901 1 10 9999982 9999917 41 57 32 24 9999972 77 9999903 27 9999923 55 9999997 9999905 36 62 9999945 22 51 38 55 8 9999903 93 9999991 12 9999906 9999970 9999976 9999955 11]
[65 59 64 91 9999926 9999983 9999960 9999934 9999913 60 9999930 9999971 9999925 35 9999937 9999925 62 97 28 37 9999900 9999944 30 44 20 9999925 9999966 8 9999982 46 24 9999927 14 46 5 83 9999944 9999970 9999953 80 9999911 90 17 9999992 68 9999954 9999939 63 9999909 9999974 91 9999949 9999917 14 93 9999916 43 9999967 9999958 9999939 9999966 9999939 9999980 21 25 11 9999987 9999984 34 9999947 97 9999974 76 19 9999924 85 9999900 67 82 28 61 59 71 14 70 72 40 51 9999969 9999997 62 9999994 98 94 42 9999910 9999937 9999990 9999971 9999937]
[9999974 9999991 62 15 28 9999998 70 76 64 9999915 9999926 9999943 9999972 86 9999984 57 5 24 41 9999919 9999979 9999970 9999933 63 4 9999980 9999993 9999907 9999967 57 13 9999972 73 0 9999983 9999996 9999910 43 49 9999956 9999942 9999922 9999939 83 9999955 46 9999977 16 18 10 9999901 26 9999967 59 9999902 7 9999958 37 9999905 4 44 9999901 9 9999910 9999975 9999908 9999976 33 9999952 44 9999944 9999954 9999959 9999950 9999965 9999993 9999920 9999983 9999934 9999983 9999953 9999935 90 9999968 9999969 38 84 18 36 55 9999924 40 79 45 39 9999982 9999914 9999941 92 83]
[9999976 9999938 78 9999974 9999989 80 9999977 63 9999943 43 68 15 52 77 61 46 72 9999910 9999936 56 9999914 42 9999966 51 9999911 9999941 94 9999993 22 4 54 9999961 9999926 11 37 9999929 9999972 9999954 9999983 9999958 95 9999976 9999899 9999912 9999997 9999909 9999988 35 9999911 9999951 30 32 96 28 84 9999940 23 53 64 6 19 51 9999914 9999992 5 97 47 9999949 9999993 9999957 9999948 9999957 20 9999948 15 69 73 9999981 76 9999995 9999902 85 9999980 87 9999929 88 31 58 9999929 46 91 9999938 9999954 67 9999956 9999899 9999932 9999970 9999975 9999991]
[45 9999932 9999935 51 62 9999993 61 72 9999977 9999958 54 81 95 55 54 9999945 9999948 40 24 43 9999974 24 34 9999950 9999989 89 9999917 85 79 97 18 5 22 9999924 9999931 9999939 28 9999985 5 9999899 79 9999926 9999928 56 9999931 55 9999945 9999917 13 9999924 9999911 9999946 9999921 9999968 91 9999914 3 37 85 9999976 9999948 9999931 17 10 9999956 9999997 52 4 48 35 9999920 40 9999963 9999989 87 34 36 9999926 9999956 9999935 24 53 9999939 3 27 9999964 9999912 9999972 89 9999900 9999978 9999903 85 18 9999973 9999977 9999908 9999975 9999935 9999904]
[9999984 65 9999910 72 96 9999937 86 41 91 13 9999976 72 9999971 94 9999917 91 66 9999979 9999938 9999960 41 26 46 9999982 12 0 9999983 9999905 9999973 9999961 81 56 79 9999932 91 37 9999909 28 9999984 9999914 61 34 61 47 39 9999911 80 55 44 30 10 82 9999899 9999972 66 99 9999918 50 9999970 88 9999995 9999976 9999991 2 9999942 24 9999990 51 9999922 9999991 9999955 32 65 77 9999926 9999933 9999968 9999902 9999923 9999995 9999927 86 8 22 59 9999961 9999942 49 9999956 9999993 49 9999940 25 87 9999963 9999929 70 30 85 9999995]
[9999947 9999936 9999991 9999930 93 9999913 68 9999959 13 9999971 7 7 9999985 9999939 9999902 52 9999913 84 68 9999951 9999934 9999994 85 87 32 58 9999905 9999985 33 52 9999992 53 9999907 9999926 9999952 68 9999953 9999952 9999944 9999924 9999975 67 44 9999941 7 15 11 36 9999976 9999915 9999900 9999941 9999958 9999991 9999988 23 9999979 9999957 38 9999958 72 82 45 46 18 31 36 67 83 13 9999932 54 99 9999932 68 9999911 9999976 9999991 9999900 9999988 9999953 9999989 97 9999976 9999927 9999949 9999933 64 9999991 76 9999967 91 69 14 73 37 1 9999911 71 41]
[1 41 58 93 53 66 25 43 9999931 79 9999974 24 67 20 5 9999961 9999911 77 57 9999985 9999953 9999973 9999927 25 1 9999971 9999968 16 9999967 38 67 15 56 21 9999953 37 9999933 9999952 69 9999957 78 9999917 9999929 90 9999901 63 19 9999975 9999973 12 1 91 9999976 8 9999905 19 9999985 9999954 9999995 82 9999944 9999972 57 85 9999956 34 39 9999987 89 9999949 9 9999945 97 58 9999987 9999986 9999960 9999981 84 55 9999903 53 9999915 9999901 9999948 30 9999981 9999912 9999905 59 9999970 91 60 58 69 9999943 9999984 28 45 0]
[36 61 9999927 24 47 9999950 9999909 78 58 9999944 9999996 76 9999910 29 43 9999908 95 9999904 9999909 98 9999940 31 9999995 9999900 97 9999926 9999908 9999992 9999900 26 9999917 9999977 88 51 9999966 80 9999908 9999924 9999974 44 9999943 64 2 31 9999937 9999962 9999958 82 9999907 70 9999977 98 47 90 9999981 9999971 9 27 9999953 9999903 9999947 14 9999987 27 9999994 89 90 9999974 59 9999986 61 46 54 9999956 83 30 9999922 9999970 9999982 98 26 58 9999942 51 65 9999982 9999980 9999936 9999995 9999945 20 9999909 9999962 9999997 85 15 9999970 9999994 13 9999910]
[9999924 23 89 9999925 9999926 9999953 45 86 9999960 9999921 56 9999976 9999983 68 59 86 9999996 85 48 83 58 9999916 75 9999955 25 7 63 9999981 9999913 53 9999960 0 9999954 9999919 9999930 9999976 9999998 80 0 9999994 74 72 9999992 9999937 3 9999949 9999980 9999935 9999938 64 48 3 1 78 85 9999951 76 9999989 70 9 99 73 9999924 48 20 48 9999936 19 9999968 9999936 22 9999983 9999962 98 9999988 9999966 9999964 9999996 90 90 17 70 9999995 9999981 67 9999944 9999909 9999914 9999960 9999953 9999900 9999959 9999913 51 9999939 9999996 9999903 89 9999965 93]
[9999925 76 33 9999941 5 51 9999945 9999908 7 65 9999974 76 9999965 9999903 27 20 97 9999930 11 9999901 10 8 29 95 90 9999959 65 9999949 54 8 9999932 9999916 9999991 9999900 16 9999971 9999926 69 99 9999968 9999971 9999939 44 92 56 41 9999912 9999969 9999943 81 9999969 9999995 9999935 16 9999976 32 31 13 9999987 9999955 28 9999998 9999995 39 74 9999904 9 52 70 9999958 9999977 9999938 98 82 9999936 43 70 6 56 9999919 9999922 9999900 41 56 40 9999995 9999979 76 9999978 4 9999940 9999988 12 9999952 9999960 73 71 34 9999923 9999920]
[45 78 11 78 18 69 26 9999973 9999991 9999987 47 30 9999958 9999954 24 72 9999966 72 85 9999952 85 97 92 9999935 59 11 75 46 5 43 9999921 0 12 9999915 9999986 5 60 74 9999935 36 18 78 9999943 9999989 9999965 6 9999919 74 4 9999965 62 64 67 86 9999979 5 74 30 9999969 74 40 9999991 9999986 9999928 9999906 9999938 9999906 10 5 12 59 9999978 81 9999942 46 9999921 9999930 9999994 9999913 0 48 62 29 9999983 77 9999916 81 27 44 0 19 90 9999952 9999986 9999944 8 69 22 9999993 74]
[9999997 9999963 9999928 25 8 9999994 9999922 74 96 4 48 9999929 9999943 48 71 18 71 9999970 9999901 38 9999997 56 16 9999934 9999998 90 9999989 9999994 30 18 30 9999956 9999932 90 9999922 9999937 9999945 9999957 9 9999916 9999968 9999996 9999916 74 73 9999899 84 9999985 49 9999996 22 9999955 9999970 9999976 41 9999991 29 9999973 35 9999976 46 9999922 9999990 9999976 66 9999920 88 9999933 41 25 16 76 9999921 66 9999941 50 67 9999951 89 9999963 66 79 15 9999936 9999916 8 9999926 9999987 38 2 9999973 14 9999929 9999994 9999996 20 9999989 78 9 63]
[9999908 9999947 9999975 9999937 9999917 20 9999971 95 30 35 9999909 9999929 1 22 81 9999971 9999977 55 12 88 9999913 9999951 9999991 9999970 9999902 41 57 9999968 9999915 9999956 93 9999904 57 9999980 6 9999981 9999971 76 16 9999998 9999909 9999940 98 9999929 24 9999950 9999941 9999943 97 95 59 84 37 75 28 9999937 26 9999918 28 11 9999975 69 9999980 9999921 9999951 9999909 82 9999906 9999907 9999972 34 9999932 9999938 9999965 9999989 52 37 9999975 9999946 9999941 9999927 9999948 87 9999917 42 61 9999991 86 67 26 65 20 9999982 78 9999973 44 48 16 0 9999907]
[74 25 31 9999924 93 9999911 9999997 9999998 42 6 9999912 9999974 72 9999934 93 42 32 46 9999937 9999930 79 4 47 9999933 9999900 9999965 26 67 9999980 9999907 9999932 50 9999972 9999989 9999904 87 9999928 9999944 89 57 37 53 9999926 9999911 73 36 28 37 9999931 29 9999991 85 9999900 64 5 9999997 9999994 45 9999954 21 9 9999938 9999998 89 9999981 52 25 9999921 40 32 24 9999911 9999992 9999900 9999968 9999908 9999905 9999916 9999954 9999908 9999998 72 9999979 82 7 1 78 9999929 9999943 61 7 9999925 40 43 9999975 9999932 9999941 68 9999996 85]
[9999934 9999990 9999903 9999990 9999959 9999983 9999911 9999921 9999946 64 6 24 9999958 9999915 33 5 5 4 9999931 9999972 43 9999899 71 41 9999990 95 67 9999921 74 30 9999946 9999946 9999912 9999921 9999964 9999926 21 9999968 74 9999914 50 9999901 9999923 27 38 42 6 9999918 7 9999956 9999987 9999920 32 77 9999977 19 9999963 9999940 9999981 2 9999903 62 31 9999980 9999969 97 22 9999988 62 94 9999974 65 9999940 23 31 9999911 66 9999917 41 84 9999988 85 9999918 37 59 11 9999997 53 9999972 9999912 9999957 9999977 34 96 9999936 9999932 81 9999909 9999953 9999933]
[68 9999947 52 9999899 9999933 87 9999984 9999995 9999939 9999968 19 72 9999925 78 9999900 7 18 31 77 37 9999929 9999992 9999943 9999946 9999934 9999941 9999981 55 19 6 9999940 4 9999943 9999979 9999953 9999961 87 9999997 9999993 9999968 24 25 9999913 9999992 9999926 2 9999992 9999998 9999992 9999933 38 66 70 9999937 9999937 34 98 76 77 88 9999927 27 9999945 9999899 9999984 7 9999922 9999921 9999943 9999989 9999961 60 77 9999994 9999982 9999978 9999998 9999913 9999975 88 9999944 88 9999943 9999923 15 9999933 99 9999989 40 9999978 9999969 68 75 9999916 99 63 9999993 34 9999936 9999903]
[9999991 9999969 9999951 9999974 7 9999902 9999966 9999997 9999968 9999941 61 9999933 81 13 54 3 9999966 96 28 94 38 9999955 11 15 9999979 1 72 80 9999954 9999981 9999940 9999905 94 9999942 20 9999983 9999949 9999940 8 44 9999996 9999986 80 4 5 82 9999921 57 9999964 9999965 79 7 9999949 9999956 9999947 48 9999950 9999963 9 9999915 9999935 9999914 9999968 9999939 41 9999929 16 52 73 9999994 9999940 78 9999924 9999936 43 6 9999945 90 6 9999984 9999915 9999917 9999954 9999945 9999987 9999937 9999899 9999906 9999969 9999902 9999924 98 9999907 56 9999975 12 9999966 9999936 75 9999930]
[63 9999991 80 84 9999915 9999980 9999923 9999926 9999958 9999945 9999967 38 9999976 59 14 9999956 71 9999918 96 66 34 9999922 39 9999916 58 9999916 9999966 9999925 9999926 6 97 92 9999983 9999927 64 9999936 9999927 9999907 9999989 1 41 13 58 3 9999926 9999906 9999951 69 24 2 9999967 9999979 9999986 46 9999945 9999907 61 9999912 9999996 9999953 9999959 2 9999954 9999982 88 9999965 35 85 9999963 9999968 56 84 9999960 38 50 90 9999997 9999948 30 9999990 21 9999914 9999938 50 52 59 77 9999959 50 85 14 91 9999932 81 9999988 9999959 34 88 94 9999934]
[6 93 9999922 83 9999936 74 91 87 19 99 9999914 9999929 9999981 9999946 46 9999934 9999933 9999966 9999900 9999967 62 9999943 9999906 50 9999908 3 9999923 9999993 40 13 9999955 9999901 9999927 9999901 88 68 9999914 9999997 24 9999913 9999972 9999915 9999979 9999952 13 42 10 74 9999946 87 35 9999985 44 9999958 5 9999939 9999904 9999981 9999921 71 21 9999967 53 9999990 56 21 55 36 9999964 9999960 1 79 30 22 9999998 9999988 9999981 9999989 9999978 9999899 9999986 9999949 9999966 67 18 15 78 72 52 9999948 58 92 77 9999981 9999983 10 9999942 9999955 85 95]
[4 9999931 9999997 95 98 65 91 2 16 9999929 9999950 9999957 9999982 3 78 7 53 76 9999899 9999920 9999908 56 74 9999960 9 83 32 91 77 97 9999915 9999921 89 9999900 9999913 28 9999953 9999899 88 25 1 86 66 9999962 9999919 30 73 9999937 9999903 17 9999989 9999971 9999930 9999947 68 9999965 4 50 53 9999925 44 20 9999943 9999935 9999907 9999907 43 9999969 85 9999906 9999928 14 9999953 9999997 66 41 36 26 9999929 53 46 9999956 27 79 77 9999986 73 9999954 9999924 36 9999972 9999973 3 0 90 72 9999993 88 35 43]
[9999987 9999991 28 88 9999914 9999986 9999992 46 9999967 9999908 49 9999910 9999928 9999941 74 9999941 60 9999939 86 9999995 34 9999909 9999918 20 87 9999964 9999909 32 9999933 9999901 50 61 9999928 5 9999942 9999938 9999955 48 9999960 9999994 9999962 69 49 9999939 98 40 5 9999954 9999905 9999944 75 98 35 97 37 9999925 2 99 9999987 9999950 9999923 78 22 9999918 9999927 29 9999960 2 61 73 9999909 52 21 33 9999924 21 9999981 6 9999955 84 20 78 9999939 71 59 7 2 49 25 14 9999974 22 46 9999909 12 72 9999961 9999973 9999965 57]
[76 9999975 9999983 56 9999948 22 86 12 9999950 45 87 9 9999910 28 9999954 9999915 9999913 28 57 9999963 9999930 92 27 9999997 9999947 9999903 9999983 73 62 71 50 32 9999997 28 9999923 38 4 42 11 9999917 78 70 9999919 85 13 80 64 19 9999984 65 11 90 9999945 36 9999930 9999980 9999935 59 9999963 55 49 9999922 9999940 9999907 9999910 43 9999913 34 9999964 13 9999954 9999946 9999971 9999907 9999911 15 82 9999983 9999916 89 9999911 40 9999933 17 9999997 6 20 9999998 24 9999971 9999935 9999942 99 73 52 97 9999941 56 24 9999950]
[89 9999914 99 74 46 13 9999928 9999986 9999991 9999932 9999908 15 9999944 72 9999939 19 9999983 96 9999924 9999928 40 9999977 85 9999974 18 9999914 94 9999930 9999931 9999950 9999914 69 58 2 67 66 94 82 43 9999964 80 51 33 76 9999922 80 9999935 66 92 21 41 9999908 72 26 34 77 9999969 9999900 9999906 88 64 78 57 93 9999916 45 26 9999924 9999914 14 9999982 9999945 91 64 62 7 9999928 9999985 9999937 56 55 9999899 9999977 9999963 96 3 9999899 9999954 9999957 9999992 79 59 37 7 23 9999915 87 9999924 51 0]
[78 0 99 9999995 20 37 94 92 48 98 9999962 9999980 9999906 36 11 9999914 93 9999942 6 50 9999996 12 9999949 9999922 3 75 9999980 40 15 48 9999947 9999915 62 54 9999940 9999992 14 9999924 19 55 9999964 76 40 9999945 9999923 2 24 55 9999988 76 9999915 71 52 9999973 36 65 85 9999997 9999952 62 63 9999911 9999973 7 9999904 9999952 9999949 9999965 48 69 9999957 9999972 9999927 7 21 9999951 9999967 9999970 66 5 28 91 10 47 9999958 9999919 9999979 9999900 19 9999996 92 11 9999948 9999927 9999953 93 9999990 15 35 52]
[9999940 9999996 9999937 9999908 45 4 9999935 89 9999925 9999996 9999913 9999906 55 9999903 9999987 9999925 9999934 9999991 9999940 9999970 46 9999920 62 9999946 9999942 80 9999929 9999995 27 32 96 32 9999916 9999971 9999911 9999940 9999924 83 9999912 9999964 9999953 9999990 92 12 9999913 9999969 85 9999915 67 9999933 17 9999980 9999932 9999995 11 37 18 9999944 9999987 41 96 41 32 9999925 68 76 59 9999954 9999982 9999934 48 9999909 9999909 25 9999932 17 9999916 41 9999983 41 60 9999905 9999982 88 7 12 63 99 85 66 9999911 56 79 9999978 70 97 9999942 9999950 9999978 9999969]
[90 94 9999922 71 9999929 20 9999962 9999918 0 9999936 9999925 9999956 9999975 9999978 14 54 18 58 9999903 9999971 9999990 9999917 9999962 9999909 9999972 70 14 9999906 9999925 9999945 9999940 10 52 9999904 9999966 68 9999932 9999903 70 63 42 96 56 9999981 9999945 9999948 9999964 22 9999990 83 9999981 9999956 9999964 9999964 9999908 69 48 23 9999910 54 61 52 9999975 9999987 41 3 9999954 9999994 78 9999908 91 75 82 70 9999943 97 9999907 9999903 9999920 98 71 76 8 28 9999951 9999942 9999903 7 65 19 9999922 9999942 36 29 31 61 11 72 28 20]
[9999912 95 9999940 9999925 9999955 44 9999899 9999955 9999943 9999978 17 31 9999953 9999953 44 17 9999930 47 9999910 50 33 9999981 61 9999957 9999926 62 74 9999926 9999956 9999979 60 56 9999963 9999981 9999916 9999956 9999993 9999983 9999987 9999940 57 38 9999978 40 54 32 68 89 57 52 94 9999995 9999930 15 9999939 9999924 9999982 15 9999935 13 9999980 9999981 49 9999908 9999958 45 9999954 56 38 69 9999975 65 2 61 75 78 9999975 9999976 9999937 69 80 9999928 47 53 54 9999913 9999981 9999930 48 9999979 26 9999905 11 9999962 69 9999914 9999927 58 9999964 9999976]
[65 5 9999912 9999903 9999903 9999995 9999908 32 15 47 73 29 99 79 9999961 9999976 9999913 9999990 24 85 9999935 6 35 76 35 9999989 9999994 9999962 98 9999931 9999993 80 9999989 9999904 2 27 62 9999979 86 75 9999927 43 9999921 21 38 25 9999982 9999934 9999949 82 93 9999908 9999969 9999956 38 9999968 32 42 79 6 99 9999903 9999969 31 9999902 9999907 1 35 9999952 9999986 9999939 26 68 84 9999925 9999983 17 15 9999924 9999926 75 0 9999962 47 13 9999959 9999921 9999972 5 17 47 9999905 22 24 51 9999906 12 9999980 30 47]
[23 53 9999900 27 9999976 9999984 9999994 75 9999965 93 9999979 9999931 9999914 78 98 3 75 9999992 9999946 9999944 9999927 9999994 89 35 60 9999906 9999945 9999911 30 94 8 79 9999926 46 9999982 45 73 35 9999969 62 81 9999943 9999948 9999990 9999927 9999963 81 9999947 27 9999997 9999984 9999962 38 82 9999965 9999949 9999905 9999907 9999947 9999990 80 17 9999909 53 5 9999919 23 39 9999946 9999950 9999902 9999995 9999961 6 9999951 33 9999922 9999972 79 9999956 63 9999926 9999918 72 88 9999932 57 9999967 33 95 9999917 71 84 9999977 10 16 9999997 59 9999927 9999926]
[9999959 60 9999979 15 86 1 78 7 9999908 9999931 9999956 25 9999984 9999994 96 83 9999994 10 9999964 9999907 9999906 9999902 9999943 9999985 9999985 11 9999905 9999926 9999923 3 25 91 9999966 9999905 9999961 9999926 9999907 71 77 93 21 65 9999993 9999916 64 9999983 9999953 9999920 13 9999931 9999991 50 65 23 28 9999987 9999960 9999958 9999967 9999940 39 9999941 9999944 46 9999997 9999911 48 79 84 52 57 9999941 9999967 1 61 9999904 9999905 9999990 88 63 21 14 17 9999933 9999990 64 9999942 82 9999912 9999956 9999919 9999939 20 69 82 9999933 9999941 32 9999983 9999903]
[47 57 3 87 62 61 9999964 45 9999904 9999899 9999969 9999900 37 9999986 9999933 72 34 98 9999981 9999911 64 21 39 9999987 9999977 9999964 9 59 2 9999974 65 9999984 9999913 60 9999947 68 72 9999990 73 9999914 72 9999916 22 19 9999918 0 47 89 9999964 9999960 9999954 3 9999984 9999976 9999972 9999940 67 9999928 9999988 9999993 9999970 75 80 9999983 9999962 72 91 9999994 9999900 74 9999903 9999968 98 9999966 80 9999947 16 3 9999960 9999975 81 9999956 9999962 23 41 26 9999989 12 25 77 41 9999970 91 9999966 9999900 82 98 73 13 85]
[9999966 70 9999919 9999937 83 93 43 10 9999924 9999951 9999964 29 9999943 6 9999935 25 87 9999916 9999968 9999951 70 75 9999988 20 9999956 33 72 9999929 9999964 39 9999910 9999992 9999988 16 9999988 63 79 47 9999938 9999976 9999919 51 11 9999953 31 22 0 9999919 49 9999988 33 9999923 61 44 6 9999948 39 89 9999924 42 9999949 9999913 23 80 75 46 9999987 45 1 23 9999977 9999914 85 9999938 9999967 61 9999913 93 9999899 47 9999906 7 92 98 9999969 54 9999990 37 94 88 9999987 27 9999936 62 9999949 0 34 67 9999915 9999987]
[64 9999942 19 9999951 31 9999940 96 9999911 9999911 9999985 84 9999982 9999968 9999942 9999969 15 80 27 9999912 18 37 21 9999904 4 9999911 9999938 28 9999959 9999960 9999964 89 9999918 9999913 52 36 9999922 59 9 9999958 9999978 14 51 54 9999915 9999957 0 10 38 9999993 33 9999908 9999920 60 9999964 18 9999950 57 4 71 9999938 78 9999909 47 9999937 9999922 9999994 9999935 22 9999918 9999927 68 85 83 84 67 9999996 24 87 31 10 9999920 9999921 3 96 24 64 9999949 9999916 9999986 74 88 63 85 87 73 9999905 9999963 9999965 9999978 85]
[9999955 61 9999959 9999985 9999906 9999942 58 9999967 9999984 41 9999983 9999933 9999930 9999925 9999914 9999946 64 88 9999989 9999978 64 33 9999963 9999974 9999953 52 88 9999987 81 37 57 76 33 9999956 86 65 54 9999930 22 60 20 56 3 9999950 62 89 9999919 53 9999948 9999913 99 9999972 9999927 23 9999950 59 9999945 9999943 9999925 9999921 9999900 9999918 52 9999934 71 18 9999980 9999933 9999983 2 18 9999945 9999908 9999982 63 9999992 67 66 48 9999935 9999928 9999947 9999983 36 67 9999935 89 9999995 9999960 55 82 10 94 9999904 9999980 3 18 9999962 62 9999908]
[9999925 61 0 9999902 87 9999942 96 9999903 90 9999948 9999928 65 22 9999955 9999946 9999993 52 55 87 71 9999900 9999912 17 9999925 9999991 58 47 16 17 9999943 9999957 58 93 9999991 9999931 85 62 16 45 9999989 59 9999959 18 25 9999990 9999923 75 9999924 28 61 97 40 9999984 8 87 39 84 9999907 9999966 66 9999986 2 30 54 26 8 97 14 35 9999944 4 79 38 9999997 75 9999916 13 9999946 9999947 9999981 9999988 9999995 28 9999905 9999974 12 41 9999914 9999926 72 95 9999938 9999946 9999939 9999940 9999917 14 30 9999978 53]
[87 9999984 9999947 34 28 9999996 9 9999952 9999963 73 9999899 9999977 64 9999974 9999972 9999906 9999967 3 9999920 73 9999910 88 9999965 5 9999955 16 9999947 9999947 9999949 9999906 9999992 9999907 9999932 49 54 9999964 9999975 9999922 9999956 4 9999922 9999979 84 48 9999928 93 25 9999976 67 42 63 66 67 20 9999925 95 9999916 9999992 9999990 71 93 9999938 96 9999906 89 23 92 62 9999957 9999963 89 54 72 9999933 9999903 9999907 9999914 9999910 44 40 9999959 9999980 9999950 9999904 41 21 1 9999962 9999956 9999980 9999972 36 4 9999973 9999934 43 9999899 9999901 9999963 9999997]
[65 9999975 36 59 14 9999932 66 20 9999906 64 9999946 56 9999907 12 9999983 16 51 36 9999992 9999979 9999945 47 61 9999987 94 88 77 9999922 9999975 9999945 59 84 30 25 3 54 9999909 9999921 11 77 9999937 9999939 9999922 9999962 9999995 1 41 9999915 98 9999957 9999967 9999908 9999992 97 9999989 51 59 14 13 9999937 9999924 9999946 9999929 9999959 97 9999919 39 9999968 9999901 9999979 9999936 9999991 9999915 9999973 27 9999930 11 9999996 6 7 9999955 9999955 9999913 9999933 9999967 9999911 53 9999919 9999969 53 16 9999982 9999962 50 54 9999979 56 9999952 9999980 1]
[14 23 9999937 13 9999986 51 31 82 9999958 9999949 96 42 9999987 25 9999941 9999947 79 9999933 79 69 97 51 33 17 9999957 83 9999899 9999962 33 10 93 9999982 90 24 66 9999911 29 9999927 86 9999973 22 23 90 9999976 9999961 68 9999900 49 9999958 14 9999967 64 33 52 9999921 97 4 64 9999943 47 36 88 27 9999928 55 9999955 9999960 9999989 53 40 9999919 9999903 9999939 9999936 45 60 9999905 9999992 9999960 81 47 9999934 9999920 11 9999968 9999963 9999949 22 9999974 9999984 10 9999935 9999954 9999944 9999980 9999925 9999944 9999938 9999958 58]
[9999951 52 87 43 50 58 13 64 9999952 9999958 9999967 82 9999915 11 9999957 25 9999976 9999992 73 9999978 0 35 9999916 19 9999950 36 62 49 97 7 80 73 9999958 9999938 58 93 67 92 9999983 9999979 63 9999985 61 9999920 9999957 63 28 9999919 9999994 9999953 9999938 9999967 9999929 7 54 9999988 9999925 9999917 91 9999900 82 55 9999982 87 46 0 62 28 9999941 50 35 28 9999919 42 57 9999978 35 87 9999922 3 31 9999974 57 9999942 9999995 66 42 7 9999905 9999950 33 12 9999916 9999921 20 69 9999938 53 56 17]
[91 92 38 9999926 5 9999972 66 88 66 68 19 9999959 9999981 36 9999985 9999975 9999919 80 9999931 73 55 88 73 57 19 2 2 58 71 80 30 9999990 9999975 30 86 63 9999928 9999906 9999929 67 68 92 9999998 9999967 9999991 9999934 53 28 9999919 9999900 9999988 9999905 9999972 9999976 9999947 30 30 15 9999994 24 9999920 9999992 22 29 9999994 91 75 43 9999927 9999967 83 9999912 9999920 9999927 9999902 9999984 67 71 9999954 40 9999938 9999929 9999917 17 14 58 10 9999947 63 6 33 49 9999991 9999930 64 9999968 9999983 9999912 9999917 9999984]
[99 9999919 9999948 49 9999952 9999938 9999966 9999977 89 45 9999935 55 9999990 17 9999956 9999985 58 9999980 39 9999965 42 64 87 64 9999973 43 20 36 9999927 37 36 9999948 9 9999945 23 44 9999918 57 33 51 82 9999995 9999900 9999924 59 1 9999936 82 53 9999955 9999969 9999968 78 9999921 9999967 9999935 68 9999915 9999901 9999964 38 9999959 21 9999941 87 24 9999922 9999944 69 20 9999971 9999989 67 9999976 9999908 9999912 35 78 9999969 9999976 1 9999944 9999970 12 14 8 36 69 3 42 64 9999949 9999901 9999910 80 9999938 9999933 9999973 65 0]
[35 9999968 9999936 66 9999916 26 9999927 44 24 9999973 81 82 9999930 4 9999904 45 9999950 7 9999998 81 9999922 26 90 9999959 9999967 84 43 9999908 14 9999918 4 9999947 71 63 9999900 73 9999958 30 9999931 9999901 9999945 79 20 9999957 9999988 9999971 9999937 9999975 95 23 9999947 9999964 94 89 3 9999984 9999906 9999992 9999928 9999968 41 9999945 9999968 9999979 91 9999901 12 90 9999939 9999942 9999978 23 9999947 41 9999984 9999939 17 22 68 61 67 9999927 36 25 9999968 60 9999983 14 9999980 9999916 8 96 46 9999900 9999970 9999947 15 9999950 9999956 91]
[9999947 43 0 9 9999974 9999943 9999944 11 40 9999903 46 19 6 73 9999970 9999986 9999989 9999900 9999923 9999924 9999962 48 9999935 83 9999988 84 9999966 9999912 98 9999990 17 9999934 32 9999939 14 73 46 9999940 9999965 9999926 96 9999938 10 9999912 4 9999982 13 9999945 9999901 93 9999932 10 44 39 44 56 9999916 38 70 30 9999908 9999936 9999909 66 90 33 9999919 9999941 16 46 39 9999976 9999954 9999923 9999903 8 48 9999988 23 18 9999973 9999973 9999906 9999934 75 70 9999960 9999981 25 9999985 9999916 25 9999978 9999928 9999949 55 9999992 9999975 88 9999981]
[36 9999904 9999918 9999935 6 9999950 9999951 9999968 70 9999930 9999934 9999902 56 20 9999913 9999937 9999983 9999951 49 49 28 9999934 74 48 95 96 9999914 9999906 9999965 99 51 64 9999927 55 11 16 90 9999961 70 48 64 71 63 9999975 9999988 9999918 9999937 82 96 9999972 9999936 54 9999935 9999930 9999926 2 9999912 9999942 9999968 9999931 9999968 9999929 9999964 8 29 67 84 9 9999930 88 48 74 13 34 16 3 9999944 97 71 57 40 13 53 9999998 9999905 9999962 9999978 61 9999974 75 80 9999944 32 9999974 30 33 13 34 54 9999963]
[9999995 9999995 41 9999932 9999937 9999911 9999915 48 58 9999915 9999979 9999943 24 29 9999974 98 9999971 81 6 87 9999909 22 75 9999934 9999984 48 71 9999976 9999924 9999966 9999961 9999946 95 96 30 9999917 17 92 9999905 47 56 9999952 9999953 47 28 9999939 9999955 9999981 77 9999917 12 9999998 9999914 33 43 9999922 73 67 67 9999982 9999908 88 46 9999961 57 9999977 9999928 9999924 9999975 9999967 62 9999932 38 74 25 31 9999920 9999964 9999996 9999903 9999969 9999899 9999908 9999924 9999920 9999928 9999906 9999917 51 9999909 9999975 63 9999904 9999963 9999945 14 9999923 9999996 70 9999936]
[9999932 9999925 11 9999911 37 9999907 9999900 31 39 86 60 92 59 22 9999950 9999920 9999981 27 71 9999939 91 9999962 14 14 93 9999937 9999914 87 14 46 23 9999910 68 60 54 9999943 84 1 32 55 9999947 9999951 35 9999959 87 87 9999984 9999975 9999936 20 9999987 70 9999996 62 9999905 9999949 90 20 81 93 24 58 78 67 9999984 33 24 9999998 9999969 14 32 9999910 9999929 9999984 43 9999940 9999951 69 62 9999937 24 70 26 9999915 98 9999939 92 9999991 54 46 9999972 12 9999967 13 1 64 29 9999907 96 97]
[9999926 9999917 9999980 96 9999920 15 9999944 9999969 10 9999913 9999912 9999964 63 9999926 9999994 52 9999952 9999906 9999954 93 9999933 60 67 9999906 9999949 58 9999927 30 66 17 9999956 15 9999972 9999923 9999979 9999969 9999945 9999951 9999942 5 9999935 9999942 82 52 91 62 54 37 9999922 69 13 9999916 9999968 9999918 9999899 9999985 33 9999968 9999948 9999952 76 74 77 15 9999921 9999970 8 9999953 9999997 9999905 41 99 47 9999955 29 30 37 9999979 67 9999901 9999947 9999945 12 9999929 9999935 9999992 28 9999927 9999992 9999924 9999926 9999946 9999965 24 9999946 9999933 9999963 9999909 21 9999949]
[9999940 96 55 9999966 34 10 9999974 9999968 9999958 0 9999966 40 55 16 9999907 9999953 68 9999985 25 70 61 9 9999983 9999979 9999904 9999917 9999931 9999916 9999997 9999952 92 85 9999929 9999905 9999939 9999928 9999989 40 64 1 10 34 24 31 25 9999965 63 9999937 71 84 24 9999974 73 84 9999901 6 77 3 45 70 9999920 45 9999907 30 43 9999954 9999930 87 9999915 8 9999927 16 9999919 62 9999925 9999943 9999931 74 71 27 39 39 9999924 4 9999956 9999971 9999971 9999983 9999998 9999988 48 9999906 9999976 9999972 88 92 30 35 9999973 66]
[70 9999929 9999944 53 9999949 9999965 9999911 64 26 90 51 77 9999914 50 27 9999949 9999970 9999929 19 92 62 83 94 9999937 99 29 27 9999948 9999918 9999970 9999958 65 9999943 45 9999922 16 19 9999918 9999930 9999932 9999932 9999912 9999962 9999904 9999920 23 39 9999948 9999899 55 9999933 9999899 69 9999988 9999995 43 29 9999986 26 80 62 89 24 9999977 27 9999901 9999956 9999924 1 9999952 85 62 9999934 9999923 9999968 5 37 9999990 9999976 9999958 32 9999985 9999983 68 9999945 9999917 9999907 9999932 89 24 48 9999951 6 9999899 25 14 30 52 85 9999994]
[5 9999929 83 25 9999934 9999992 91 9999946 9999918 9999915 10 9999938 49 9999948 36 9999902 28 9999987 30 3 9999972 9999930 9999986 9999957 58 45 2 28 9999940 32 5 9999943 9999959 77 9999977 9999944 7 56 9999949 79 74 9999932 9999919 91 45 9999945 73 73 9999899 9999944 28 14 9999966 9999975 9999998 9999936 41 9999943 63 8 52 9999958 68 9999912 13 9999902 74 9999973 9999917 41 22 9999955 12 9999975 9999976 9999940 9999956 39 85 28 59 9999919 11 9999951 9999997 36 0 12 9999923 9999995 9999991 32 9999941 9999989 9999986 9999962 9999949 45 9999963 9999974]
[17 9999976 86 9999933 9999930 17 51 9999905 12 9999945 30 9999950 9999973 71 9999965 9999906 5 60 32 64 51 9999950 13 9999922 9999966 42 6 9999992 9999903 9999942 48 9999994 9999997 9999953 9999928 99 23 40 9999905 9999911 96 94 9999989 90 9999945 9999920 9999935 9999929 62 9999915 59 3 9999945 9999912 23 9999980 2 9999947 73 39 9999952 52 9999959 9999986 9999920 9999939 9999939 9999993 9999937 3 20 9999977 34 8 76 9999940 44 33 0 9999908 19 9999925 9999917 94 9999918 40 25 9999995 20 84 9999906 9999931 9999917 9999989 9999930 53 9999992 9999934 9999977 13]
[9999936 9999945 61 9999966 3 40 22 42 9999998 92 9999907 34 41 54 9999912 86 13 66 35 9 9999901 18 9999952 9999990 9999947 9999922 9999908 57 9999952 94 9999899 9999899 23 9999985 33 9999920 16 47 85 9999998 9999971 41 35 69 9999951 46 53 38 35 93 6 50 9999989 7 85 24 38 37 88 42 81 9999939 50 66 92 49 53 9999962 9999913 9999995 78 9999959 4 9999946 24 9999939 9999922 44 9999910 9999942 31 34 9999969 9999973 0 9999997 8 9999939 9999943 48 9999968 27 75 9999967 9999948 9999969 18 9999937 99 34]
[9999903 9999938 37 9999977 9999939 9999960 62 15 21 58 9999961 66 9999948 49 9999971 71 69 90 81 15 32 48 70 9999957 19 9999989 9999906 9999975 9999942 94 9999977 91 2 9999957 46 9999961 9999951 53 9999968 9999948 33 9999966 9999920 9999919 78 4 9999925 9 9999991 99 9999941 9999987 9999899 12 9999986 9999995 9999954 40 47 9999981 9999925 9999963 46 55 23 16 9999967 9999960 70 46 9999962 7 9999921 57 9999968 9999905 87 9999957 9999916 9999990 9999963 62 89 9999912 56 57 58 9999937 9999994 85 9999912 9999995 9999942 31 9999974 9999906 9999905 9999921 9999900 73]
[9999951 60 9999902 67 9999919 2 9999953 9999955 9999965 9999968 9999927 9999942 9999969 45 9999941 64 6 53 23 23 9999980 9999987 99 97 9999933 9999911 46 9999933 86 9999974 9999899 72 24 9999981 9999905 13 61 53 6 54 4 9999967 9999963 9999982 9999943 9999972 8 9999935 2 9999916 9999904 9999993 9999900 51 96 9999952 9999919 81 9999929 10 9999964 73 9999913 39 6 46 56 68 9999942 16 9999948 9999910 27 9999973 9999949 9999919 2 9999960 90 9999901 17 9999969 9999966 9 58 67 9999952 9999995 11 89 9999985 9999908 92 64 24 0 9999990 9999917 18 54]
[50 9999954 9999955 92 27 77 9999981 9999913 9999994 9999928 9999940 9999955 94 9 11 38 9999944 9999959 78 65 9999951 9999923 88 9999965 9999928 9999929 9999917 9999993 93 9999911 9999970 10 9999938 50 62 9999988 89 9999991 82 9999932 39 96 1 9999961 87 55 9999917 9999927 9999919 9999939 47 26 73 9999964 9999899 22 9999934 9999921 9999954 9999927 9999982 9999913 25 9999986 79 9999950 3 9999969 9999959 50 88 9999934 96 45 87 9999990 9999975 9999923 67 14 9999937 9999970 9999937 13 73 76 42 69 50 9999997 9999943 90 91 20 67 4 9999937 9999949 59 95]
]