[[7706916735274432577827482980211477797986081545447633810]
[20313741884293742801558341396480647571060776585402978]
[9029538415534347651881238737726580633362981157734607871]
[6269670011440844709679013789665346041097782062684510445]
[6543266519214340112526981987596750700949835943675714039]
[8064611150385090372731789786830594521110726961889330359]
[8977845551268006745225337895933166623956801588580629388]
[7543467352351076110291136321044749867613599766211304785]
[8606981999229711107170537935462377482598809272679340165]
[5218492336894565165028205088068974948593729450624521580]
[8026372353879559451051725489241442988203220871130570146]
[6406635242756950094425498479348203238096252924046278771]
[7535807402596869235269363660191602944807368866504311840]
[8728019825320305564355592672457881288873272730159019234]
[7670537784724775746097101730606572116860829407277138318]
[7120965556357317350468574944096129757882537837835479300]
[1279447049720372299408353645987826142685655264523373244]
[916689403447398840424793789466939131586874160734144343]
[7415216859256248986974018201522609998272316662680002867]
[4019598158932878975077246246569431947878579614748777275]
[4195936889915228951234187957568017161893849418208600941]
[3619577176836930539089836313646738117161221099298719827]
[2784619749676229036228208189809000724011792027366104816]
[4541260530145342325161158803189442696252666692576870571]
[58053353368710320637619018903608162153059934864219247]
[1683552998350392190325358925272898938875316346712359578]
[5756315696004282404669304305275870174045714179987185011]
[7186699334928280006407794630094828610594425953593976703]
[4417568525515499306592014288652429419695842809827946678]
[4531138153392786161679468015820735040572802741838500111]
[923221240543884650638167430321392361130582744871300575]
[4298448583789193131247162288480589531391718519759025613]
[2089214786210801112417252554943592437669598518872555564]
[6257769628552605610052582458951553105818431396006895271]
[8687135947510300914521180065851754073837821115632549624]
]