[[2478619113122348530351697928900488140818248139698915619]
[7194744412468788399911318493181128387894106935431028702]
[1412100174203779426404923018071156509255350834105121576]
[680846103134324753553405029124588529343918405289133009]
[6390116241427414108898403013978014828724169811922803795]
[1581418445645398670736551096201128822058290182826362481]
[6658272371093093052700826851080771383242905803151519059]
[706763844845740998102186736520000593783414537874001682]
[7472388549526508560984842761798013798220962880957751243]
[234828040345719244739114635735680833783595212686781362]
[5389793410494069332146885285788323566290433229654507648]
[3630883116095370118107213293319916263144467889445298606]
[2178690000835440519463148621395421494395190198184764496]
[4708537559345216072324492316228620628204629739669311390]
[1297717971909041538685773857558623827601854482259713036]
[5596703275226144094348794986863142014647536143556360645]
[7671450300027567775246078573248237782300345024015553418]
[8481548172411670148597292667515230798822859376394006439]
[5060316845940236708370692768043750748000096811309140903]
[9910333458692517769023646289969118578464888396846174807]
[852177537023524485830567416239847816133278552496153196]
[1933653577858451768305747542003001697863575606939485982]
[6898908725117097462269552349346883193285681704994901103]
[1316952915206632824215704538421466689479864290049120582]
[6160044841014415401766097586911432125312354355981889857]
[1890105113020355608031560305222844699508069261798230849]
[3663323363175455224260712679846309105849405986086177314]
[251709294689176510193607744062195396983684604497152101]
[6872150121574280435749537356006854236230139134325072258]
[7185345518879183605210430438160500544926660254240237022]
[5911570915063317894034671000743813452618726181274899915]
[2978522761345914707293880392743613628521179102952595610]
[4848559105073891675536469599344847575955448967067628147]
[7165802421267403005975698473122416827137501741333805585]
[162782628495456467723101623266520567758926510644987881]
]