[[4591598719085644601130779854488741034160924966224443636]
[7594029678666687744861242907680205629430327926767798293]
[2704607437420284571373858344294997507094998019518824155]
[7858117102192404630082420427338230665097720458830974096]
[9031523461485041702184786040443841381996790985005513334]
[6048917874234808515412424424335556619161763504634424741]
[9472046469634507170805321818692806827727565752609096067]
[9037961961301837610373543271755736745075094062050757229]
[2378153349746852249547484868619074183267645379861549347]
[2817859772316357151948230362538774661855418557598664797]
[1898898703517954480942722890941618178962407912385508267]
[6856631737424878928931546233655759321558242670939357691]
[7666767703596689285411658632179081991149522081236406209]
[1583273195499812038653820544227070775867463891609290865]
[3026556941043794149474176097885325500941544084512829911]
[873769820953199905993150727307824760809444743483639446]
[6353498248115566309877384639171121274041307122556020197]
[4494497433023683144479311550715647335358724692223736880]
[1319425597208789631691370721330010116911484838985394231]
[1291225346276400189413062963858271362073644138639268999]
[4508921268830979177791862082809293905149879129070436213]
[8834572760196171822315773129572345536131445590265877455]
[3301882144400506154981251108470859015686696011040866251]
[2188873197774653413843076620554398953821070112111750754]
[280351508349206657774033355690739884363211420607079164]
[3709275239894491890684434185059897814706537419014673482]
[6554366131779554436879993284581804679421077711227832726]
[4054456044807177436461634783130617046290571857135599921]
[4298618106891181915878675622652305049993385630848262833]
[9681250078389704240018823389575060140453907221996888983]
[2038265469633772778776883274205412703774312459368881900]
[3439417914640182132076116200310032119862098120470744641]
[9373422800284317947030251751112117370296615418917382436]
[1819088857787821478653362988615540498543126772234362693]
[7009862147958030406665010006539324165864710830264829902]
]