[[5408401281893838632501177202128368237821885283949400590]
[2405970321952744572740481598986005242116436845465397858]
[7295392563352610526924423168712900609261429436474848409]
[2141882898535145653550173697707049729958014787053833478]
[968476538816815696684924971151790613668586805949225480]
[3951082126716093374570884730036938693860503328747234413]
[527953530859222125085611981470274307329240632990362014]
[962038039193221774655724744099173633042949272310901751]
[7621846651237474515782283561141403662724419284425656294]
[7182140228117200413440734217680183326975332776035460790]
[8101101296855437663642721023732387476976386162317999787]
[3143368262614769191371162124177965582250563431389534671]
[2333232296899873730051220303156771930963587748883791763]
[8416726805336310166787067895496375713434939472547777978]
[6973443059846861222871922971607387849440493215893908554]
[9126230179701690533949216443435229467814061941725142132]
[3646501751955768531485655130133123880437623818181575096]
[5505502567050902058299364858287839562720357364709148840]
[8680574402844323636706427677154154574356066896488145825]
[8708774654386650381048503937517875286344713305248715547]
[5491078732151214224079215245167368934423102301771333045]
[1165427239977086160880542597586188947082949890263379200]
[6698117855677578484680067861966054130162301306560572082]
[7811126802268918655414801300703299739490691366394712439]
[9719648491862298650598600268658100842632220413019891128]
[6290724760527330115966099773204842803338174783005182079]
[3445633869069386337778214595470220878489245993970000698]
[5945543955457378562204030010999262357764542316678020307]
[5701381893514917133071518369606019202652155737719220795]
[318749922479950691692820230867853889386649363832290302]
[7961734530641615144804777298867877500438658878262657372]
[6560582085830498172397533441057960065511049480128559209]
[626577200079866536770006467436585306066979829252850637]
[8180911142487539505055016951249877942593181123416464221]
[2990137852710406477441903797982955546775930297876479636]
]