[[3219522840115683660109075010548514436388307379176076837]
[2891489284609751157860869723573914406401367858038444993]
[6727686285727912138348742288921361645502749910328367050]
[1366084453436997876819507222769230469460027363550571717]
[3280207160115059217650648819831770743983847509301795609]
[6379227064266399702014587210993835041464324879927769781]
[2203804604673248549419554023753187739950466461552265648]
[3313332575546120412904313679479620624872271642928722413]
[9986424618351766938490994757484102618573888745051560844]
[667718138243887782727496307629726829131872649640108946]
[4498830469900232289298494559059985615866592133529205489]
[4415840374048029739756550283197373244091357111656481273]
[7562717202977887183526631765132824047165327352159362170]
[3571143685279869983101532922228329346823707380852467113]
[5703919082352746221164908028438030978696486571010952897]
[5818003132814267554540803228456017640512779397218903817]
[3880617851397885844631552157733233935920159296200181010]
[6713818287109216998863357163271950370370092671799088651]
[5510990868615937555061532465468595389174211391513113387]
[3123111134664606072796621519271192665493535767618243314]
[9601378916329927530688423180450780798192320795687738587]
[6107433743944094902050312934050666159957196124318217260]
[3184909440761521657937068104691206608348024036498858560]
[5129725487932608311397589495830706038324481748071998818]
[8171119193805328431277036959447145907106160068761658577]
[9584263036155775617958484602367026412531866081485848445]
[6958908402858562933878722220265401637308117068019519700]
[5365462240656151703184228544814317089589241422063398496]
[5623476729802775993264269161120531610718868462054166534]
[1880935562028975927571569507756472787398624398335339367]
[9757777362822614149123288620134128141538763328196894124]
[327794506748799942271889608468786880839389780165372572]
[2029922631795370400397013435490737313608654968948534874]
[7220185619489693208822982178621970716941546051054024167]
[3154394000842563599526394542619953886980008459995222394]
]