[[6780477159884316339890924989451485635594502870997767389]
[7108510715390248842139130276426085665145396914194751158]
[3272313714272087861651257711078638370853677545665305514]
[8633915546563002123180492777230769625595707882334235857]
[6719792839884940782349351180168229351681530281652943205]
[3620772935733600297985412789006164971557941953453889373]
[7796195395326751450580445976246812295106339924047192433]
[6686667424453879587095686320520379453245771691432936567]
[13575381648233061509005242515897427418175919235644797]
[9332281861756112217272503692370273259698878683994016641]
[5501169530099767710701505440940014440072201941174302565]
[5584159625951970260243449716802626759717448990672411089]
[2437282797022112816473368234867175974947782477960835802]
[6428856314720130016898467077771670742478695983304601730]
[4296080917647253778835091971561969071685550729395785568]
[4181996867185732445459196771543982388110727287989877761]
[6119382148602114155368447842266766118558771644537414283]
[3286181712890783001136642836728049727708989385133797069]
[4489009131384062444938467534531404702093340343960426669]
[6876888865335393927203378480728807382924821676269741232]
[398621083670072469311576819549219241380660635154030671]
[3892566256055905097949687065949333923257199356211039395]
[6815090559238478342062931895308793437500973281102579773]
[4870274512067391688602410504169294054987279730434464375]
[1828880806194671568722963040552854119889271764865311715]
[415736963844224382041515397632973605512846120534007116]
[3041091597141437066121277779734598420602206637178313724]
[4634537759343848296815771455185682914465872751750221732]
[4376523270197224006735730838879468441926672906513317094]
[8119064437971024072428430492243527242441932187493839918]
[242222637177385850876711379865871862674208009434645148]
[9672205493251200057728110391531213204533757820433931278]
[7970077368204629599602986564509262762754940279221698199]
[2779814380510306791177017821378029324194761844596802747]
[6845605999157436400473605457380046125660632668146087144]
]