-11.24080183607136311509
-552.84076383819385333802
-882.61337082428043021383
-2.15040840419841832102
577.39248230655576614402
2914.30648675789969848844
-4491.54366115131413729747
-3449.62204648070363253825
3281.75032786276647341824
8005.94099308238895420848
-3139.37286522675268823040
2866.82799010055149958875
602.53211545751013147775
5653.08253823112298924199
1468.06969385054135880843
1887.72393871047609415896
-836.60587179567432062105
-1740.66968500839147687583
62.20361370567765624780
-2891.72502487781548245168
1164.62828844241173327039
-470.32818211781153617859
-3566.14459988650695730174
-2499.07019134911375256618
-231.97860591547891515065
88.57467506901961579072
-8969.75205849136916459675
1362.77795334560655420513
-4529.40325519683715882643
-6180.71447424258691746668
-1827.48469301533127792716
-127.21702830434616433564
-5669.97064175337172694016
-2802.02184523216718350487
8832.82407791081483868439
