[[78 23 9999964 9999924 9999930 32 91 9999905 9999960 27 9999915 33 9999977 9999935 86 72 9999994 69 9999984 21 9999924 25 9999901 26 9999951 9999918 9999972 9999971 46 7 16 9999954 80 93 3 41 91 34 9999907 9999989 18 93 9999913 86 51 9999926 9999953 9999998 9999964 9999938 61 81 9999951 61 55 9999988 35 9999978 9999954 94 9999941 9999968 35 9999905 9999951 98 75 54 9999980 9999969 9 96 9999911 17 59 9999967 42 67 7 9999958 77 9999977 9999901 9999978 9999909 9999935 9999907 9999941 9999953 9999962 9999974 71 6 9999901 9999963 9999957 71 74 14 94]
[9999931 86 96 9999960 47 9999930 70 9999917 3 76 9999967 9999932 86 9999953 9999923 9999985 38 38 21 97 9999967 9999922 9999942 9999996 9999950 9999938 9999984 9999966 2 9999929 1 9999972 93 9999955 25 9999906 29 32 9999965 9999983 8 9999958 97 0 24 32 58 63 6 9 9999910 53 9999996 39 9999968 9999960 9999929 9999937 9999953 9999960 47 54 89 9999905 9999922 9999977 78 9999906 9999939 9999997 23 9999923 9999922 9999937 9999906 9999995 88 9999985 44 48 9999954 69 0 9999951 58 45 9999946 9999915 9999976 9999974 63 9999963 9999983 9999964 40 9999959 91 1 1 84]
[56 91 63 44 78 9999924 9999957 9999975 98 9999936 57 67 24 89 9999962 9999922 9999913 97 9999946 21 32 9999952 26 94 77 95 9999993 9999924 21 26 20 9999931 9999911 36 9 19 29 75 9999965 9999917 9999989 9999977 9999973 12 9999976 9999910 9999990 85 9999934 77 25 9999989 98 9999943 76 9999978 46 9999917 9999950 9999956 9999902 43 29 97 73 9999955 45 88 9999957 9999935 37 9999979 79 64 9999993 9999986 9999937 9999899 9999907 94 9999950 19 9999965 41 45 0 9999927 0 95 88 61 71 9999981 9999930 44 9999966 54 9999903 92 41]
[9999910 49 9999931 92 54 76 9999962 9999902 95 9999946 9999973 17 66 9999945 82 69 69 12 7 20 80 4 9999995 9999981 9999994 35 9999927 35 37 11 9999977 38 56 45 9999912 87 9999928 9999991 5 18 47 7 9999983 9999983 9999903 34 44 9999924 94 9999984 6 9999932 9999947 28 64 8 57 9999956 9999902 9999904 9999982 78 60 9999989 9999911 9999987 29 9999946 62 9999977 9999945 9999927 9999955 34 9999984 9999943 32 9999960 75 9999986 76 9999953 33 9999929 90 74 9999967 9999915 9999994 58 32 52 9999982 9999964 77 9999916 9999989 9999992 9999924 9999924]
[9999978 51 10 9999928 9999972 9999919 97 9999946 9999959 9999930 9999951 9999918 94 62 9999942 9999973 89 22 56 9999911 9999908 26 9999944 68 9999969 63 9999916 18 9999916 9999972 9999914 60 42 9999968 96 24 9999946 9999933 98 25 29 9999939 9999933 67 13 9999909 9999963 9999934 9999960 91 61 38 74 9999902 9999908 47 64 9999961 9999961 28 57 95 9999911 92 40 11 9999987 9999976 70 9999923 9999963 9999962 9999927 22 9999964 74 69 60 20 9999912 9999978 57 9999959 9999919 9999939 54 9999922 9999986 9999904 41 9999918 49 9999996 80 86 77 34 9999959 9999949 52]
[27 33 9999927 42 62 46 9999934 4 9999972 71 82 9999931 84 9999939 90 65 37 32 9999936 19 15 9999992 35 97 12 9999962 70 9999933 48 9999990 9999918 49 63 9999984 9999963 53 9999982 17 15 9999955 9999920 9999934 11 34 9999917 9999932 9999928 9999923 9999978 9999991 9999973 67 9999922 9999986 9999970 88 9999907 9999941 9999995 9999904 80 9999900 9999958 9999962 49 9999981 24 99 9999943 92 70 9999920 9999985 92 17 49 84 9999925 61 9999925 9999923 9999992 43 13 38 79 9999954 9999900 9999911 65 20 81 9999953 9999933 30 94 9999933 9999900 9999916 45]
[9999899 9999993 88 78 9999948 18 73 94 79 9999913 9999993 9999910 6 68 9999911 9999909 28 54 9999996 9999978 31 9999971 40 9999961 7 9999923 9999996 9999991 58 87 66 92 9999918 1 9999959 6 9999974 54 95 85 35 9999948 0 9999948 9999902 52 9999985 84 10 56 9999906 9999979 51 23 9999950 59 42 86 35 9999963 29 9999982 42 9999925 9999983 9999916 68 76 9999954 9999910 81 36 9999915 9999981 9999981 51 9999951 9999985 9999924 9999932 9999924 50 48 9999992 9999922 9999927 47 77 9999938 69 91 71 9999935 9999963 9999932 9999965 67 9999982 9999986 9999913]
[9999978 57 9999971 9999935 46 26 9999949 52 9999970 9999970 9999910 9999918 76 9999899 87 9999926 9999940 31 20 9999937 55 99 57 9999961 9999948 55 60 9999934 9999965 9999969 9999949 9999960 93 51 9999909 17 36 66 9999998 9999920 9999968 30 9999908 9999946 89 9999961 48 43 9999962 5 9 9999922 9999953 9999992 9999925 9999918 28 9999904 48 9999998 44 9999998 85 71 9999936 9999997 45 14 9999964 9999920 73 9999976 9999934 25 9999983 9999996 9999973 16 92 9999910 53 30 9999903 9999910 31 29 9999929 9999926 9999975 46 9999966 9999940 9999950 96 9999949 88 9999960 37 42 59]
[9999997 9999960 48 44 50 92 30 9999929 92 9999933 20 9999926 54 9999921 52 9999970 9999947 90 17 96 9999935 33 9999916 30 29 9999934 9999973 9999945 9999947 9999963 9999982 26 9999905 9999944 5 15 9999901 9999991 9999939 9999982 9999949 99 9999963 10 86 9999970 9999962 50 9999947 9 77 9999956 9999908 97 9999993 9999924 68 19 9999950 90 9999983 9999937 9999924 9999979 34 44 49 2 18 84 18 18 9999946 59 9999969 9999918 9999941 9999961 9999994 93 96 9999927 55 9999962 9999907 9999940 9999939 9999993 9999911 46 42 53 8 29 9999962 9999932 9999934 4 9999936 9999944]
[6 9999905 95 9999979 66 84 9999986 9999901 9999920 9999914 9999916 9999918 83 9999964 28 9999904 58 9999956 88 9999969 52 86 16 3 9999921 11 22 9999996 9999955 23 86 9999973 10 9999970 9999902 9999950 89 9999974 9999934 9999984 38 58 38 9999967 9999992 9999917 51 32 29 9999921 75 9999948 8 83 9999969 37 9999929 9999955 9999983 9999899 56 47 11 36 59 96 9999934 99 9999922 62 9999975 9999965 9999960 9999923 9999924 33 9999943 9999962 12 30 9999958 81 53 47 33 9999989 9999905 9999982 13 9999937 18 32 50 74 84 49 42 9999909 64 52]
[89 72 9999941 22 9999910 59 69 16 9999989 58 85 81 5 9999921 45 74 9999981 9999914 9999904 93 60 9999932 9999925 53 71 9999971 9999995 9999943 46 9999934 9999939 9999977 9999982 29 9999913 9999960 69 9999940 61 9999991 12 9999913 9999980 93 9999959 12 63 9999937 69 9999965 9999937 9999928 9999973 23 9999925 9999929 9999941 29 7 5 22 83 10 9999906 9999900 9999986 9999951 9999951 69 43 9999947 8 9999904 9999956 32 9999994 9999998 9999967 74 9999900 9999912 80 43 56 63 20 47 79 9999901 9999935 9999941 39 9999929 9999925 9999935 28 9999954 45 9999980 76]
[9999968 66 88 9999923 60 9999900 9999971 32 9999976 40 9999982 9999932 63 17 9999965 57 40 84 9999970 9999952 9999941 79 35 32 50 49 9999982 9999988 71 33 9999987 84 9999962 79 40 9999954 9999933 83 28 6 9999944 9999949 9999947 9999916 75 9999962 9999941 87 9999927 9999925 5 26 16 93 9999912 79 30 80 9999911 74 9999901 9999939 9999949 75 85 9999950 43 9999983 44 9999951 9999917 64 44 52 9999926 9999962 9999945 9999986 54 9999907 9999985 9999953 9999984 9999993 92 9999949 9999907 77 9999967 20 74 35 7 9999951 9999937 9999946 9999984 41 33 9999916]
[72 9999913 9999981 34 9999901 9999939 62 9999966 9999947 35 9999921 98 9999928 9999915 9999927 23 68 9999979 29 0 62 70 81 9999929 16 9999932 40 45 9999905 9999923 52 9999965 37 9999968 9999956 9999938 15 21 75 79 9 9999949 9999925 49 9999923 9999959 55 96 54 1 9999940 9999945 60 29 86 9999976 36 9999958 60 96 67 9999931 88 9999937 54 18 9999928 8 9999915 9999966 9999975 9999965 98 20 80 9999949 46 51 77 9999947 9999919 66 79 9999915 9999906 7 18 9999936 24 62 17 9999992 9999905 92 9999940 64 9999969 9999974 1 36]
[9999904 61 29 9999903 9999958 92 35 9999928 30 9999905 9999982 83 9999930 58 9999901 59 22 15 3 9999930 9999927 53 9999924 9999917 9999976 51 9999938 9999923 38 72 9999903 9999960 9999998 9999916 86 9999935 80 9999959 7 9999916 8 9999956 9999912 9999938 9999951 19 14 9999924 61 76 20 95 70 43 9999928 38 64 9999971 40 24 23 9999998 9999941 9999903 9999908 10 9999998 64 9999934 5 9999992 9999953 6 9999918 9999981 9999919 9999935 96 9999902 9999910 23 9999949 89 81 63 55 9999963 9999904 25 72 9999990 9999947 9999978 9999924 77 66 9999986 69 58 10]
[9999978 48 9999969 9999973 9999918 80 28 9999997 97 82 9999935 65 9999925 27 72 32 9999984 9999994 9999905 79 94 58 9999998 44 4 95 58 60 16 9999929 9999954 9999965 9999925 12 82 9999945 9999912 60 83 57 9999970 43 9999967 23 9999990 11 46 27 10 9999964 11 9999903 44 77 9999933 64 2 61 9999997 10 9999912 9999945 51 16 9999994 9999904 37 9999905 92 21 18 9999915 9999919 54 18 9999994 52 79 9999906 9999909 36 18 9999934 31 80 98 78 9999991 9999956 81 9999921 9999952 51 9999962 32 9999909 78 9999968 9999930 74]
[9999906 9999906 9999964 9999965 25 9999959 24 9999961 9999932 35 9999922 44 42 69 9999998 9999994 20 9999913 9999960 9999934 44 91 9999930 9999922 9999943 9999956 9999916 9999972 9999975 63 68 23 58 9999936 9999947 73 9999907 20 48 95 3 85 29 9999932 9999940 32 47 65 9999980 9999988 96 9999919 9999981 2 8 76 9999997 9999902 9999992 96 78 9999998 9999982 9999986 70 9999961 9999943 9999922 9999912 9999949 9999975 80 9999944 9999936 92 15 20 9999988 9999987 49 15 77 20 6 9999994 9999909 9999977 9999937 10 9999927 9999985 9999966 9999933 46 82 9999922 9999905 9999946 94 78]
[17 9999913 87 83 9999916 9999923 51 73 9999963 9999985 82 88 15 9999928 9999997 83 9999996 9999989 19 9999925 38 4 94 9999936 3 9999967 9999980 9999922 9999932 13 5 9999987 73 9999958 49 9999958 9999952 9999926 94 9999934 5 9999977 9999956 9999950 9 9999996 82 9999979 9999976 76 81 89 9999980 9999940 9999938 51 9999987 81 75 69 9999953 9999951 9999960 43 70 9999989 9999949 65 15 9999939 38 36 68 72 9999993 73 9999958 9999933 9999904 37 58 65 9999935 94 17 1 42 9999937 92 46 22 53 9999994 99 61 9999989 9999939 36 9999943 9999900]
[9999954 9999943 9999953 71 85 9999910 76 43 68 9999968 9999937 78 81 9999922 9999899 9999986 70 9999957 12 67 9999950 59 61 14 85 9999927 67 9999965 54 9999957 9999968 63 9999969 9999968 76 74 9999923 18 9999900 46 9999928 9999977 9999940 9999969 84 9999913 9999974 92 9999921 80 9999969 66 9999901 9999922 9999962 9999991 9999984 9999899 9999960 19 36 9999925 0 9999954 72 14 9999932 27 80 9999986 63 9999964 9999987 56 17 9999969 9999933 9999957 69 62 9999930 79 11 9999922 89 10 67 2 72 8 9999946 75 9999947 9999935 9999899 9999986 19 9999954 98 6]
[9999971 9999947 9999933 9999933 9999944 9999943 66 9999944 73 9999940 65 9999906 9999976 9999956 35 9999984 95 9999901 67 22 58 22 18 9999912 9999939 58 42 53 9999942 42 90 38 51 16 9999962 9999930 45 82 9999997 9999899 6 54 9999987 29 9999978 5 68 9999933 9999935 9999944 9999919 89 62 9999908 9999946 25 9999931 77 64 9999993 48 9999951 9999914 62 70 9999911 96 5 9999959 9999929 9999949 26 65 87 9999904 96 45 9999947 9999942 9999979 9999921 9999937 9999979 36 78 73 9999949 9999919 70 71 9999945 9999986 43 9999987 30 9999914 7 32 98 38]
[9999979 9999952 9999947 9999986 9999900 20 92 9999925 5 3 9999949 0 9999976 9999951 6 9999912 9999905 9999955 12 9 16 33 9999910 9999940 9999905 9999998 9999921 74 17 49 9999918 19 9999964 9999965 9999992 72 9999900 23 86 31 55 9999900 9999954 9999991 9999928 66 99 31 85 37 9999964 9999903 69 11 86 45 9999905 82 9999929 15 18 9999958 9999992 9999977 9999973 72 72 9999926 38 9999960 9999980 9999956 39 9999916 28 9999948 9999932 9999935 9999933 86 50 9999922 9 84 47 58 9999942 80 9999914 85 9999988 51 9999985 26 9 9999973 9999962 9999943 9999983 93]
[17 9999931 69 92 21 9999925 97 9999913 9999917 9999988 55 9999983 36 61 9999919 25 61 41 9999998 9999917 9999978 49 9999934 54 9999908 77 9999968 65 9999969 9999962 69 9999990 46 9999962 9999937 9999950 9999965 50 83 9999993 15 30 9999944 9999976 9999937 4 9999961 73 9999988 9999969 27 9999989 9999988 9999905 9999930 63 70 9999902 9999909 64 9999923 17 90 53 9999907 81 9999926 9999997 9999998 9999901 94 9999925 87 9999994 9999945 9999980 82 57 9999925 68 9999964 34 28 9999974 9999994 9999996 36 9999962 9999900 97 9999971 9 92 21 52 9999943 27 2 86 15]
[9999969 3 9999958 9999987 4 32 9999996 49 9999931 25 9999920 9999947 9999918 21 9999983 9999939 9999987 27 9999977 28 52 44 9999944 9999944 91 85 98 9999940 9999981 36 44 9999957 9999902 38 43 20 9 9999958 68 9999983 13 9999978 9999965 9999927 9999950 40 9999923 9999980 63 22 9999918 83 64 73 56 9999943 28 95 9999906 32 97 9999985 17 9999918 9999960 9999972 69 9999981 9999988 65 1 38 9999909 9999993 9999943 9999907 93 9999962 23 14 9999945 9999901 9999914 9999979 9999977 60 61 9999940 31 80 50 9999945 9999953 15 9999936 9999918 31 94 97 31]
[53 9999902 98 31 9999983 39 18 74 9999936 25 51 59 9999973 9999981 64 71 9999930 89 96 60 50 9999928 9999987 9999983 69 9999975 72 9999931 9999980 16 33 9999972 9999924 9999940 79 77 70 9999915 9999914 9999982 73 84 9999958 9999975 34 85 17 9999986 71 72 9999902 30 86 9999988 9999959 20 31 89 42 19 9999913 9999955 9999990 38 77 9999956 70 9999904 27 45 56 9999905 0 9999998 47 9999929 47 17 9999978 54 9999919 9999929 55 9999930 9999970 9999914 1 9999914 9999971 43 9999998 9999943 9999990 30 36 7 9999935 56 9 24]
[9999987 66 9999965 9999995 30 9999928 9999933 9999966 9999949 23 51 9999946 9999957 9999899 48 16 39 9999927 9999989 9999977 9999925 9999919 9999934 9999985 29 9999994 17 9999954 9999971 31 9999933 20 42 9999928 60 9999931 22 61 9999927 61 9999991 9999948 72 9999995 53 9999913 31 9999985 9999971 9999983 74 34 64 92 35 17 87 9999972 76 11 99 9999934 62 9999976 9999932 65 37 17 9999940 9999965 24 38 9999951 60 9999906 54 50 9999919 4 9999986 22 81 45 9999959 93 9999998 2 35 9999926 9999922 12 57 9999903 9999992 9999923 9999903 75 9999992 9999984 75]
[16 9999918 9999902 9999958 9999983 31 92 94 82 9999908 42 52 9999976 88 9999976 9999932 41 9999940 30 54 16 9999971 89 9999939 9999978 9999914 9999981 9999926 9999997 9999980 9999909 51 9999899 56 9999947 46 9999945 9999927 7 82 2 9999969 9999976 9999910 25 44 9999907 9999984 11 9999958 74 9999935 95 9999975 36 15 9999959 9999910 9999938 9999990 9999954 9999965 55 9999960 9999966 77 9999969 53 9999986 57 9999931 19 86 66 50 55 9999922 45 3 28 71 35 97 9999916 46 0 37 9999990 9999944 34 9999947 9999921 53 34 9999913 3 9999979 32 15 93]
[9999953 9999994 9999952 92 2 6 9 59 9999919 9999931 9999909 75 9999978 9999948 45 9999967 9999922 70 31 68 9999965 9999969 37 9999983 9999980 54 9999968 9999983 46 9999956 9999990 9999899 25 34 97 0 9999912 62 93 2 9999995 9999980 9999993 19 9999909 54 78 25 9999907 9999997 1 43 21 45 27 36 9999965 4 64 9999911 9999998 9999899 9999997 9999986 32 9999976 16 9999935 9999967 1 41 51 97 9999986 86 9999957 72 72 9999945 39 95 9999970 93 9999996 85 9999960 90 9999929 67 32 9999964 68 9999932 9999920 58 41 9999925 10 9999908 95]
[95 72 9999910 95 33 9999957 9999963 9999935 10 9999967 9999906 9999987 66 0 9999969 9999984 9999958 82 51 9999975 9999953 9999899 9999952 9999913 9999968 9999957 9999907 9999992 46 9999991 9999945 9999988 69 9999938 9999979 35 9999974 31 9999922 48 73 44 79 9999905 9999989 54 60 88 25 95 9999956 94 28 9999932 44 65 26 9999974 9999899 9999986 9999931 9999992 9999968 9999929 71 9999943 67 9999991 18 9999982 25 9999940 9999974 9999918 9999916 9999908 59 9999983 9999928 9999965 9999936 9999931 9999949 2 0 9999982 4 65 9999934 88 9999920 11 9999971 38 9999912 53 68 9999968 9999907 29]
[9999939 9999992 89 9999945 17 93 40 9999943 45 9999992 15 89 9999958 14 9999947 3 27 9999914 95 62 9999901 9999936 96 11 45 98 2 59 9999933 9999953 30 9999979 98 34 91 5 13 9999931 66 61 9999915 9999971 9999945 39 85 9999905 93 22 9999973 9999947 9999975 67 22 4 62 9999948 95 68 9999945 9999932 2 9999962 9999952 9999980 9999994 9999934 63 98 98 59 51 25 9999965 9999926 1 96 67 9999903 29 5 20 57 9999911 76 91 9999986 9999906 4 9999899 30 9999945 47 1 9999968 84 9999925 9999907 9999981 33 13]
[9999907 66 9999931 9999928 9999936 29 28 9999907 9999989 9999981 90 9999921 54 62 35 56 9999914 54 27 52 17 9999984 9999929 98 9999966 47 88 9999975 2 9999924 40 9999948 21 9999904 9999957 65 9999952 9999975 9999900 9999907 4 9999906 91 9999970 9999978 9999988 9999922 32 88 80 69 34 9999902 9999951 62 41 75 95 9999975 67 39 9999938 9999957 9999988 16 94 9999926 9999943 9999920 9999960 9999964 9999970 90 9999919 53 9999919 9999942 51 9999976 24 9999984 9999930 33 97 9999959 9999932 61 8 34 96 9999994 9999980 55 8 18 9999900 96 86 9999941 9999913]
[95 9999940 9999903 89 47 25 9999953 9999958 9999907 9999938 92 9999927 87 9999990 9999971 9999907 9999954 28 9999983 90 9999910 9999982 9999977 9999955 9999955 9999968 9999961 9999941 32 18 9999994 9999995 9999932 9999917 9999944 19 9999958 41 9999922 9999975 9999974 18 39 9999996 9999979 9999900 8 74 9999961 9999949 9999980 30 9999986 16 9999901 9999936 91 38 9999951 86 89 18 73 9999958 65 64 9999981 9999961 21 89 9999910 9999970 6 47 9999955 9999921 25 88 9999909 9999922 9999969 9999987 2 64 74 9999994 99 97 9999970 9999920 32 9999943 9999928 9999973 12 9999913 9999978 92 9999981 9999913]
[34 9999926 32 34 87 40 26 83 23 9999903 62 9999919 34 69 9999986 9999978 26 9999910 9999949 9999916 18 42 9999993 53 35 75 1 42 9999910 9999931 9 81 9999900 33 6 9999926 54 44 9999952 74 9999979 9999905 75 86 16 46 9999960 9999966 5 9999937 9999911 49 9999980 74 9999939 9999929 14 48 6 47 35 22 9999967 62 9999951 0 9999939 9999993 7 13 70 9999977 9999903 9999962 84 9999967 9999926 83 9999951 9999990 78 9999943 9999952 9999982 9999957 9999932 12 9999940 9999942 56 43 9999963 9999982 25 7 9999918 38 9 9999965 9999988]
[9999904 9999953 9999899 59 16 9999979 9999983 9999956 9999984 9999973 67 9999980 9999964 9999929 9999902 51 8 9999935 67 9999908 36 9999915 83 9999985 9999899 9999986 9999986 36 86 9999989 36 9999909 9999915 9999988 9999945 11 68 12 17 58 9999995 87 9999970 33 9999951 86 9999983 22 9999927 9999899 41 68 9999983 9999914 12 72 9999933 68 9999924 9999940 19 68 12 16 9999928 9999936 9999957 9999953 21 7 94 18 9999923 9999963 80 9999996 9999952 9999929 98 9999991 88 9999909 46 9999960 97 42 9999947 9999971 9999901 9999935 9999918 9999958 55 79 78 9999939 91 9999976 9999904 9999932]
[9999979 9999994 65 65 38 62 64 9999976 9999904 1 88 9999992 74 37 9999905 80 9999940 8 27 34 57 9999980 63 9999980 65 9999915 9 9999907 9999908 72 27 9999979 26 18 96 26 87 61 9999969 9999969 81 9999972 9999926 9999913 37 9999945 73 9999945 11 39 9999960 9999946 9999915 9999997 72 33 39 35 9999946 9999905 66 9999995 31 9999966 47 9999899 38 19 9999986 9999931 9999919 85 40 74 9999952 24 9999921 9999951 73 16 28 11 9999935 9999939 9999945 86 9999954 65 9999995 27 73 9999992 9999939 9999907 9999936 9999900 12 9999995 62 28]
[55 32 9999964 54 94 24 49 9999981 19 9999928 90 9999902 9999990 9999929 15 33 9999974 9999921 9999960 77 59 9999947 18 24 9999924 94 43 9999931 95 11 55 60 75 71 31 9999901 9999974 9999958 9999957 99 9999941 9999949 56 9999945 9999956 90 76 9999953 4 97 9999956 9999903 9999907 93 93 9999991 9999998 9999906 9999966 9999903 64 9999924 9999919 4 9999905 3 9999966 76 9999988 13 20 78 9999950 9999984 9 9999925 9999924 9999953 9999964 60 95 9999985 10 9999915 84 9999918 10 9999975 34 9999926 51 92 9999974 45 53 8 9999901 9999960 27 21]
[47 42 63 72 4 33 9999928 11 94 47 19 9999972 32 52 93 41 82 80 9999902 9999961 9999900 9999961 9999953 42 9999989 9999955 26 9999941 60 9999957 46 95 76 9999931 64 9999916 85 32 22 64 9999956 66 9999964 9999969 9999914 94 9999934 9999987 9999953 25 9999945 11 61 9999972 9999992 4 9999904 9999932 9999922 9999904 9999979 81 75 9999917 3 54 21 5 23 9999911 10 9999918 10 85 9999966 99 8 9999958 9999955 13 9999939 10 93 9999963 9999970 33 9999956 83 17 92 52 9999982 6 9999915 9999908 9999923 9999942 72 93 9999930]
[4 62 30 95 92 9999914 97 2 9999965 87 47 9999935 12 31 9999975 24 9999899 1 3 31 25 9999902 85 9999912 76 93 9 9999903 89 50 8 9999903 9999990 47 42 28 25 14 54 9999997 9999946 94 9999937 9999911 9999921 32 48 9999917 9999933 4 9999955 9999985 9999957 9999975 93 9999925 9999977 9999920 71 9999962 9999926 9999931 9999913 68 9999945 9999978 52 51 25 9999997 96 9999927 9999930 78 9999974 9999952 9999982 9999982 9999950 9999983 55 96 38 67 9999949 82 5 8 73 24 9999942 9999900 9999934 74 9999982 18 9999944 9999990 9999930 9999909]
[9999967 9999969 9999944 33 48 25 9999960 4 69 0 9999949 99 63 9999924 9999916 9999913 99 9999934 9999966 9999953 9999933 53 9999948 60 29 9999969 68 9999935 50 9999901 29 9999947 82 9999940 9999980 9999968 67 9999899 24 97 75 7 9999964 9999935 9999982 9999955 9999995 25 75 9999949 9999953 49 21 6 9999930 97 92 9999910 8 39 9999997 18 99 34 9999997 86 47 4 9999980 9999974 13 9999931 9999960 9999938 84 9999916 40 9999931 63 9999963 9999964 24 9999942 9999944 52 54 9999982 7 39 9999920 80 14 40 9999962 9999955 66 5 9999899 10 89]
[12 9999908 9999900 9999933 9999967 9999905 9999913 9999918 9999916 9999950 9999973 92 9999924 9999942 45 9999924 9999984 94 9999926 9999912 9999975 47 1 9999994 9999932 63 9999971 9999932 79 9999997 51 17 58 69 9999905 35 82 56 13 88 90 9999927 47 2 18 14 9999980 22 5 9999933 61 9999985 87 43 9999975 87 9999991 42 19 9999927 90 59 9999963 9999960 9999925 64 9999983 95 9999933 9999947 9999909 40 9999904 9999995 9999943 9999900 9999958 9999981 9999932 83 9999945 9999994 9999986 9999977 22 9999928 9999981 55 43 9999961 70 46 9999915 14 99 9999961 9999904 9999970 9999910 9999973]
[9999998 44 9999973 96 91 24 16 9999992 9999924 9999900 28 20 6 20 66 9999952 9999970 75 84 67 9999960 9999929 9999972 13 9999982 9 9999921 9999973 38 28 9999981 9999994 4 9999911 9999905 46 9999966 48 34 45 9999968 7 70 9999920 81 24 38 42 9999910 16 9999973 9999966 9999985 8 9999992 74 9999933 9999976 68 9 55 74 9999993 99 43 9999922 9 13 9999904 19 9999949 48 25 9999985 9999958 9999907 9999965 9999943 16 9999943 37 9999979 9999958 54 9999981 4 9999912 64 9999983 9999941 57 9999988 66 35 9999989 9999912 12 60 9999900 9999996]
[34 9999983 20 9999937 9999917 76 51 9999946 13 9999964 76 24 72 9999988 87 7 78 13 9999903 39 10 9999927 9999940 9999971 52 9999938 9999997 9999940 79 9999904 89 66 9999975 22 19 9999943 33 9999903 9999966 2 95 9999953 99 9999974 92 9999901 9999995 44 9999970 9999990 9999969 67 9999978 3 73 9999934 56 9999901 3 51 9999939 9999981 9999970 69 9999937 9999941 65 9999934 74 9999990 9999979 9999916 77 9999960 9999899 57 41 17 26 9999950 68 9999929 76 37 9999953 30 9999994 9999916 32 87 9999980 41 9999983 66 9999925 9999980 58 49 54 77]
[9999940 56 52 9999932 9999986 68 53 79 55 46 25 9999953 9999908 89 9999907 30 58 22 38 9999954 9999919 9999905 9999957 9999899 9999966 58 83 37 79 9999994 9999998 9999954 9999908 56 9999940 81 9999958 9999990 9999973 33 9999906 9999977 33 36 87 3 23 54 29 9999931 71 68 32 33 9999984 9999988 9999943 9999961 9999925 46 9999996 87 99 9999920 15 87 14 9999960 9999973 12 9999929 9999909 9999915 53 72 68 9999961 9999941 9999996 9999993 61 9999955 9999992 9999968 9999932 9999920 9999934 34 9999908 9999920 12 25 91 9999948 43 47 52 9999991 9999967 5]
[91 9999924 32 80 9999947 66 9999965 64 9999966 9999957 1 53 68 9999929 70 25 51 9999899 9999936 9999993 44 9999899 44 9999970 58 33 9999956 9999989 72 9999911 9999983 48 51 9999923 40 9999973 12 9999975 9 9999968 37 18 9999930 41 9999922 13 9999924 29 47 9999992 49 41 9999961 25 80 69 9999961 9999918 48 9999962 9999919 93 9999906 9999993 9999972 75 56 9999941 27 76 69 34 79 9999910 9999988 9999926 9999993 3 9999967 9999983 9999977 12 40 17 9999982 9999994 9999980 50 9999972 84 64 33 9999996 9999922 2 9999925 9999967 9999950 73 9999969]
[9999943 9999923 9999920 67 9999928 9999914 9999984 36 9999945 9999986 9999909 19 9999979 9999995 64 9999965 60 9999961 9999986 97 9999948 19 29 49 9999937 24 90 9999936 41 9999947 9999974 9999929 11 9999956 65 80 14 18 9999923 9999906 9999948 9999996 9999943 9999907 53 9999908 41 9999954 9999943 9999920 9999901 9999955 9999904 9999971 9999984 77 5 9999995 9999962 9999968 86 77 9999962 9999905 54 91 52 9999912 9999995 9999955 44 99 82 45 9999969 9999992 9999973 9999941 9999971 85 67 37 9999939 20 86 9999902 9999969 9999986 84 9999908 28 9999943 9999963 9999954 26 9999977 9999958 97 5 53]
[94 91 9999977 26 93 9999914 9999920 52 9999906 9999983 9999938 25 9999992 20 52 18 3 47 18 7 29 36 9999940 9999987 7 9999903 61 49 9999990 28 9999941 9999904 9999928 24 96 9999933 36 9999984 42 13 9999922 9999992 43 6 9999901 9999992 9999970 11 9999950 60 9999992 9999945 17 83 9999912 9999915 9999939 15 9999967 49 9999899 70 16 35 9999924 3 32 33 9999908 19 42 11 69 79 65 9999947 27 9999975 9999966 9999961 50 54 65 74 32 9999960 9999926 72 16 21 9999947 67 67 9999982 9999973 9999993 3 88 84 91]
[31 3 29 9999972 25 26 9999907 61 49 9999942 9999901 9999912 9999945 37 9999947 9999900 9999923 9999924 44 9999991 22 9999924 57 36 9999945 78 34 58 13 9 9999923 33 9999903 95 35 46 69 9999909 9999987 30 41 14 9999961 60 83 88 68 9999993 40 9999916 81 80 90 9999899 9999998 9999996 90 9999934 9999917 17 9999939 9999953 21 9999970 9999900 31 82 9999986 49 9999974 9999986 9999933 9999926 27 9999974 9999944 9999934 92 45 9999943 9999912 9999936 88 85 9999969 50 9999978 61 68 9999937 10 9999951 55 9999931 13 33 50 86 9999935 8]
[92 43 9999946 72 9999991 9999900 66 9999952 9999970 9999924 5 78 39 9999974 44 9999965 7 9999971 19 9999899 9 62 9999913 9999976 9999962 57 95 98 9999903 9999965 43 9999959 9999906 89 89 9999993 43 36 9999976 96 9999939 9999972 65 9999994 84 9999920 11 9999990 56 9999943 81 9999937 9999982 40 5 46 93 9999968 43 9999937 62 9999966 3 59 32 82 9999997 17 4 9999954 9999944 6 9999971 61 8 86 9999912 92 9999927 69 9999953 28 9999997 84 9999915 51 9999985 9999905 26 9999949 9999923 9999944 9999908 9999978 9999993 9999966 96 9999985 9999940 9999961]
[9999951 9999917 14 9999934 9999993 43 61 79 9999941 9999920 9999980 9999940 7 9999929 9999998 95 20 9999925 40 9999901 9 16 88 9999982 9999969 9999989 1 9999964 9999899 9999936 47 0 9999960 9999935 34 94 51 20 57 9999971 8 9999993 86 9999928 17 9999973 9999995 64 14 9999993 38 9999925 9999936 54 21 9999987 9999942 9999934 9999910 86 9999899 9999972 22 9999929 9999904 9999991 9999948 36 9999970 9999988 51 91 27 9999899 9999991 9999899 9999939 9999942 9999928 9999964 59 9999919 93 9999995 74 9999976 9999902 44 80 9999905 90 0 9999995 18 27 73 9999920 9999899 9 9999900]
[2 30 92 43 70 9999962 9999929 82 28 35 9999957 35 13 9999959 78 9999985 9999911 9999980 9999964 25 9999985 14 9999946 9999963 69 12 9999949 4 82 9999947 15 9999973 24 9999932 33 9999993 9999900 71 4 88 9999953 9999977 9999956 9999979 53 9999933 9999993 9999968 40 9999953 9999970 67 9999899 9999928 92 59 9999976 9999979 9999964 9999952 82 7 9999916 32 9999983 9999971 97 22 30 9999918 6 9999948 9999934 9999950 1 9999911 9999931 9999979 9999966 66 45 22 9999998 9999944 52 20 70 9999903 80 64 63 9999979 9999951 60 35 6 9999992 73 92 53]
[9999938 85 25 10 9999998 98 45 9999925 9999968 94 9999962 74 9999929 95 9999982 31 9999978 9999963 0 46 1 75 9999978 9999986 35 93 3 73 15 32 9999966 59 9999932 9999909 9999978 93 82 40 15 28 9999943 9999942 42 81 82 59 62 9999995 9999927 9999926 9999990 6 9999950 15 72 9999929 9999954 75 88 9999918 9999998 9999947 9999975 9999928 9999960 29 9999969 9999987 9999933 9999987 66 93 18 5 72 17 9999942 11 5 88 30 9999970 8 69 60 12 9999993 26 9999927 9999991 87 9999943 32 9999958 11 88 9999931 94 9999943 91]
[53 9999918 70 9999980 9999926 9999969 9999939 9999957 9999972 92 84 9999994 9999940 98 15 9999995 9999922 2 9999953 41 9999976 9999945 9 49 9999926 9999915 9999902 9999934 9999959 74 9999928 25 9999916 9999983 9999904 9999901 7 9999987 99 9999927 54 9999913 9999982 9999954 9999979 9999971 9999924 9999921 58 0 9999899 9999901 9999982 59 0 46 58 9999970 9999924 9999925 9999904 50 9999934 56 9999905 9999912 9999915 9999921 62 9999947 9999926 22 9999982 56 13 9999989 9999942 1 3 92 0 9999963 90 9999964 72 72 9999963 99 9999967 25 9999967 48 2 24 9999965 9999968 9999924 9999911 9999995 9999933]
[9999906 9999917 73 1 57 64 9999932 95 9999957 88 55 48 9999921 9999938 88 9999901 9999944 3 77 44 40 9999995 56 9999962 9999936 97 9999953 23 30 87 59 9999935 9999982 38 7 9999910 9999923 40 9999986 5 86 75 9999937 89 9999937 9999981 9999979 9999977 4 9999917 9999911 47 9999941 9999943 82 9999950 78 15 9999993 9999915 9999899 9999987 9999947 91 9999909 9999938 9999973 9999989 9999929 39 23 69 9999957 9999990 71 9999996 39 74 39 9999935 9999935 30 9999942 86 86 33 58 7 37 69 9999956 56 86 9999906 76 68 9999912 9999995 9999931 51]
[30 9999981 9999972 9999951 9999932 67 9999916 94 86 11 3 9999951 9999902 9999981 6 9999938 74 9999982 9999973 36 54 9999990 94 9999901 25 21 9999900 3 63 9999912 9999956 9999938 9999946 36 9999959 9999925 9999953 9999986 38 55 35 62 69 92 35 9999975 98 53 9999944 9999927 9999903 9999906 11 60 9999933 63 9999982 47 9999920 9999976 9999950 9999920 9999980 42 9999927 50 67 9999913 58 81 9999900 9999907 25 9999919 71 9999911 64 9999983 27 90 9999899 22 9999950 9999927 9999969 41 91 9999948 92 96 97 99 9999992 56 35 9999955 20 9999946 21 9999915]
[86 90 66 9999970 6 9999983 20 47 9999998 76 5 9999900 9999964 93 41 9999926 9999965 30 9999904 15 91 9999993 97 9999984 56 83 1 18 50 9999943 28 30 9999956 98 88 80 9999932 6 9999917 21 9999914 9999964 9999946 28 26 72 9999987 9999920 9999943 9999972 91 32 9999934 91 9999977 19 69 9999996 9999932 30 9999968 75 96 9999961 9999922 9999973 9999918 23 12 90 9999987 9999998 65 9999979 9999929 16 87 9999954 93 9999905 9999949 9999943 23 75 9999954 95 4 9999937 42 54 13 9999901 18 9999990 23 9999938 9999922 45 18 9999937]
[32 1 82 9999968 33 31 9999900 79 9999977 9999976 9999997 74 9999992 9999937 70 9999942 32 85 93 9999941 55 9999940 79 9999973 9999904 9999942 9999916 9999994 55 9999910 17 9999944 11 18 44 9999972 9999995 9999925 52 73 9999961 59 14 9999976 1 9999954 9999945 9999963 9999941 17 1 9999953 9999900 76 3 9999989 55 9999964 82 15 9999921 9999975 9999909 70 8 9999982 9999938 53 48 92 36 9999983 9999983 90 9999925 42 9999929 5 9999996 9999909 9999982 7 9999942 81 63 9999930 9999939 6 9999908 41 11 9999972 11 34 91 9999922 34 9 89 9999926]
[9999911 9999914 9999967 9999966 9999960 41 9999940 9999954 27 36 36 29 62 2 9999916 59 9999993 80 43 9999928 99 9999969 80 55 9999923 9999940 83 9999937 9999937 28 64 99 9999972 9999985 62 0 9999951 12 84 22 91 9999928 97 9999967 52 24 22 77 1 33 9999901 35 40 9999951 42 82 55 9999935 21 13 92 9999938 18 9999945 9999979 9999924 9999910 9999964 9999933 9999969 9999931 76 91 9999990 24 9999965 30 50 9999916 9999923 45 9999936 9999915 9999932 9999944 9999918 9999965 9999970 9999937 9999950 9999934 65 49 50 9999911 9999967 86 53 99 9999901]
[9999913 57 44 86 9999936 20 9999947 9999968 9999910 9999987 70 9999986 9999940 9999989 62 9999929 15 9999946 81 33 70 56 9999952 87 9999950 30 9999964 11 36 85 47 44 99 12 9999969 9999979 9999934 9999995 93 7 87 9999926 53 9999929 9999978 9999923 9999970 13 9999954 9999998 11 37 6 80 9999907 87 9999997 83 30 9999933 9999974 9999943 9999947 51 34 37 38 9999960 92 65 9999903 9999967 42 98 9999976 60 33 9999980 84 9999901 79 12 6 5 49 23 9999914 9999968 9999935 9999934 9999952 9999976 9999986 9999985 56 9999982 9999964 94 58 41]
[9999951 9999992 9999918 9999918 9999900 9999951 50 97 81 7 31 36 9999947 9999962 33 45 92 9999928 6 88 9999953 84 92 50 80 9999935 5 9999963 9999937 9999994 69 9999912 9999970 53 88 9999976 9999962 9999970 35 9999970 9999964 64 9999930 9999965 75 36 9999993 9999899 33 30 9999909 9999981 86 9999900 9999958 9999924 9999995 70 38 44 9999987 97 51 67 9999985 15 36 9999997 81 92 9999963 9999947 9999971 66 9999965 9999910 9999991 9999899 16 15 9999989 11 9999936 9999907 46 42 91 9999933 43 9999962 9999965 48 68 9999993 9999989 18 9999948 9999954 59 96]
[34 9999987 9999986 9999939 9999954 9999991 9999994 9999972 9999950 62 32 90 4 9999903 39 9999932 87 9999912 94 9999978 9999946 83 86 92 9999926 9999937 9999974 53 9999958 9999963 9999964 68 9999905 9999962 32 36 76 51 9999909 77 9999952 84 9999995 9999922 9999957 9999972 9999990 46 9999980 17 9999944 98 32 9999952 9999915 9999960 40 94 9999920 9999963 9999925 9999947 43 9999946 9999948 9999913 81 29 9999992 30 31 9999945 82 9999959 50 9999981 52 9999921 9999920 9999990 94 9999947 67 9999983 9999931 9999971 50 9999910 65 53 9999980 96 42 9999952 71 9999909 9999985 9999997 9999949 54]
[9999902 9999981 8 9999932 9999962 32 9999937 57 49 9999993 9999940 58 9999985 9999948 60 3 9999985 9999944 94 40 97 9999922 14 9999901 4 50 9999915 70 9999913 9999943 45 9999914 94 9999934 9999992 95 24 9999908 37 6 9999988 9 9999969 50 41 9999943 97 9999980 9999902 18 9999992 9999986 74 9999928 9999972 9999993 45 80 17 0 9999974 9999962 18 41 9999988 82 9999946 9999916 41 13 9999973 71 9999959 9999924 63 78 45 95 9999946 9999952 9999996 9999977 9999944 9999944 9999949 9999956 33 42 59 69 22 9999978 9 9999909 78 9999965 38 9999963 82 68]
[9999934 9999956 9999921 9999996 9999970 97 9999991 9999967 9999986 93 21 31 77 21 9999933 9999996 9999962 9999913 23 9 9999962 97 9999961 13 9999954 9999921 33 48 98 9999932 9999953 9999905 9999947 9999916 4 9999907 10 9999906 9999971 9999998 9999959 69 9999930 0 81 46 56 33 3 81 91 9999941 60 87 72 9999910 9999924 9999940 23 9999931 39 9999989 9999931 9999935 9999938 87 9999965 9999974 9999980 9999937 14 5 32 9999934 9999920 77 35 2 9999967 9999939 58 69 9999936 9999941 9999948 40 9999937 22 9999916 9999949 18 9999988 80 9999959 95 9999941 75 25 26 9999947]
[6 9999948 9999980 9999930 60 9999960 9999934 18 21 9999901 28 9999992 9999968 9999900 63 9999920 9999906 27 9999946 33 9999976 7 9999915 9999956 48 9999920 80 9999925 31 26 64 9999915 13 2 70 9999980 9999974 9999998 9999905 88 9999939 9999975 9999997 23 9999988 9999944 79 65 9999969 98 70 74 94 9999968 96 9999945 61 9 19 40 80 9999901 9999990 9999913 7 9999969 9999990 9999997 34 31 91 87 9999998 38 9999981 9999927 9999941 9999984 42 79 11 9999928 76 9999922 21 9999949 0 9999916 9999988 9999949 25 9999959 89 90 9999996 9999985 95 9999934 12 83]
[32 59 51 48 90 9999944 79 56 9999917 42 9999943 20 9999928 60 44 30 9999950 9999961 9999930 64 9999966 9999980 9999939 9999934 9999995 49 9999951 33 24 90 9999947 61 26 94 9999911 34 79 9999940 26 9999989 99 39 9999966 9999979 71 53 9999939 67 75 59 49 21 14 78 86 9999990 9999919 9999929 19 9999987 80 9999915 21 9999965 86 19 9999976 9999906 9999958 9999941 62 0 53 26 4 9999994 9999927 46 82 67 58 19 9999969 49 15 9999902 9999922 89 9999932 9999975 9999959 50 9999935 9999933 9999989 43 57 9999932 17 9999913]
[4 9999979 49 9999929 64 7 9999949 4 54 9999938 30 16 9999965 84 77 64 9999911 9999928 9999921 21 9999907 9999903 25 9999910 9999964 20 9999968 77 9999983 9999906 9999932 80 9999926 42 9999940 9999966 69 51 64 9999937 98 9999998 29 9999953 9999903 9999917 21 73 9999970 9999925 9999994 88 9999982 63 9999914 9999953 9999919 31 9999986 40 99 43 9999934 9999935 9999956 9999957 44 72 9999994 9999907 32 9999901 9999903 9999958 9999930 9999961 9999983 9999919 47 66 31 9999929 52 67 9999954 9999993 9999909 27 11 9999963 9999963 65 9999920 9999941 30 9999908 93 40 9999981 9999912]
[9999987 9999925 9999988 9999978 57 91 9999976 9999981 9999952 9999906 9999945 9999968 84 9999965 9999950 35 31 18 9999962 9999976 9999915 9999991 51 87 9999970 71 4 9999952 9999905 29 71 76 69 9999964 26 9999945 92 9999925 9999910 9999905 9999916 9999941 9999900 97 9999925 9999901 85 44 9999952 9999918 29 48 9999908 9999950 50 10 9999920 9999936 99 41 9999951 0 44 61 9999948 9999899 66 9999997 56 9999926 9999985 9999932 15 9999907 67 9999961 53 9999986 69 11 9999903 9999920 9999938 15 99 63 46 9999988 9999904 51 9999901 9999994 90 87 56 9999906 12 52 9999946 57]
[9999935 33 36 86 9999910 20 9999983 9999968 93 9999937 9999980 9999967 79 86 9999933 9999918 9999906 97 41 9999905 89 77 9999978 9999954 64 36 9999929 9999998 9999998 9999905 9999907 20 29 53 9999981 85 0 9999964 9999984 55 9999920 9999918 55 9999908 9999955 24 9999969 25 9999942 9999993 2 9999934 56 16 92 99 44 80 40 9999921 9999951 9999964 0 9999956 85 29 21 8 97 9999950 70 9999929 84 5 99 9999972 9999941 9999972 22 9999913 9999967 9999924 35 57 21 9999932 67 3 16 45 40 9999956 9999967 67 26 99 9999902 9999996 2 84]
[3 9999916 9999948 4 9999996 9999946 90 9999900 9999910 43 9999904 9 9999912 9999933 9999978 17 9999939 82 71 9999944 54 74 32 24 69 99 51 67 9999942 22 9999997 9999939 34 83 9999943 9999985 9999982 33 5 9999943 9999954 13 9999973 9999960 31 9999997 82 58 74 9999975 9999986 9999973 9999919 9999981 72 39 9999986 9999900 38 64 9999984 25 9999996 9999903 9999927 95 9999976 9999912 9999973 9999932 1 58 9999908 25 9999900 9999964 10 2 9999931 68 54 9999928 36 9999937 9999997 30 9999962 9999901 34 68 2 43 15 9999980 26 9999991 98 51 57 47]
[11 9999981 9999965 71 90 9999943 98 66 31 13 85 9999963 9999982 91 44 9999990 5 9999945 9999975 4 91 9999924 17 94 29 9999988 57 9999934 78 54 9999956 89 60 9999924 9999991 88 95 9999951 54 9999915 40 45 62 41 9999902 3 63 9999922 81 92 37 39 9999941 87 18 9999914 9999972 2 0 9999961 92 9999931 9999921 47 9999997 9999944 9999911 96 9999936 22 1 0 38 9999977 84 31 30 34 57 89 9999969 9999969 28 90 77 9999907 6 94 45 9999933 14 79 9999906 9999984 9999934 59 9999992 88 9999986 9999905]
[9999901 9999996 9999979 43 9999905 26 9999917 9999900 63 88 9999985 56 9999914 5 9999906 45 84 67 9999911 98 15 80 9999963 9999931 41 84 8 21 9999930 9999993 9999914 9999975 67 9999965 9999957 9999955 9999996 9999995 8 4 9999983 9999940 9999983 9999930 77 9999996 9999998 9999947 9999935 87 60 9999927 22 27 9999953 77 83 9999992 19 78 9999904 44 9999921 5 44 18 9999938 80 28 54 59 10 97 9999998 9999943 14 97 9999902 9999941 12 9999954 13 80 9999942 9999959 9999929 49 9999962 9999941 81 12 9999912 47 9999920 50 9999987 9999921 28 9999904 9999967]
[9999911 9999908 64 89 68 9999991 69 0 9999970 9999986 9999928 28 9999994 81 9999945 9999927 63 9999904 88 9999987 21 2 41 61 91 3 43 9999987 9999990 9999928 22 30 9999992 9999960 9999919 9999978 89 86 9999901 9999919 27 89 9999901 9999994 9999997 91 33 36 9999919 8 9999986 9999925 95 9999949 9999982 64 92 9999939 9999908 9999909 69 51 9999915 89 35 9999997 89 9999975 9999930 9999935 9999984 9999984 9999938 9999931 9999998 31 9999945 10 62 16 9999998 62 9999996 99 20 21 37 78 9999903 9999948 80 84 67 9999983 36 17 4 90 18 55]
[9999989 9999944 9999972 56 9999988 9999958 6 9999955 69 9999939 9999962 83 41 9999940 82 73 55 26 23 51 35 9999942 9999982 9999962 53 9999974 9999905 4 38 86 82 87 76 72 9999938 9999899 58 47 9999960 57 92 22 9999944 9999969 9999991 9999927 39 9999972 8 63 0 60 9999966 52 89 9999903 23 64 9999957 55 9999990 9999941 9999945 9999982 46 9999985 24 9999910 11 24 9999955 9999909 89 9999958 83 76 9999941 9999947 44 23 9999957 9999971 49 9999984 84 9999947 9999948 88 9999982 9999912 9999969 9999954 9999928 9999905 9999930 49 9999956 70 9999901 14]
[9999971 9999974 9999921 74 85 9999922 85 34 9999960 94 29 9999984 9999915 9999993 9999930 9999940 73 38 96 9999953 9999907 9999943 94 23 9999961 4 45 9999969 9999944 9999934 9999901 40 40 60 9999909 2 9999982 9999909 9999945 95 9999995 39 37 31 9999983 9999902 9999935 9999950 48 9999945 83 9999981 75 81 2 45 7 48 90 66 9999921 1 9999996 99 9999938 9999927 87 43 87 9999966 32 63 9999975 9999964 87 69 9999912 9999934 12 9999927 9999973 9999926 9999928 56 46 9999914 9999941 38 86 9999967 10 76 21 67 9999913 9999931 11 9999936 22 9999926]
[9999960 9999950 9999933 9999946 9999928 22 61 9999964 9999919 96 9999966 4 74 18 9999996 66 77 9999993 75 9999946 9999927 20 34 9999942 9999918 9999974 73 81 64 9999994 92 56 26 9999992 9999981 91 9999961 9999968 65 33 42 9999924 9999988 9999927 85 44 9999991 80 9999946 28 9999998 77 9999941 82 35 53 9999984 9999948 10 52 9999957 75 75 14 28 9999938 9999987 3 85 92 11 81 0 9999972 9999960 29 84 9999916 62 77 9999963 9999959 9999903 33 9999973 31 9999911 71 9999977 9999946 24 66 38 9999934 9999966 9999928 51 13 10 7]
[9999942 93 9999907 9999974 28 23 9999917 9999908 9999917 66 9999910 42 43 9999954 73 9999940 15 57 9999914 11 71 9999986 31 9999963 60 58 9999930 9999942 9999988 33 91 38 26 9999916 13 9999972 48 31 9999972 9999939 59 94 47 43 98 62 35 9999988 30 9999974 60 9 9999912 37 97 25 25 9999932 9999918 9999939 56 29 9999949 9999916 9999987 9999998 20 61 9999983 6 9999933 9999957 9999915 26 9999916 9999933 9999993 14 93 71 58 9999940 9999949 9999923 9999976 34 39 60 9999949 9999958 9999954 58 9999974 9999914 49 28 84 9999935 25 39]
[58 76 9999952 9999955 72 84 9999929 9999946 67 13 21 9999980 9999994 9999907 35 9999940 9999938 9999918 19 9999986 67 9999948 97 9999925 47 95 9999907 9999943 9999923 9999946 95 55 59 9999912 5 13 9999962 39 44 18 9999906 85 9999920 88 36 20 9999908 46 60 13 9999951 9999922 9999979 9 67 9999977 9999908 9999936 9999947 56 46 9999931 79 9999996 9999916 9999997 9999960 9999938 9999910 9999965 37 44 93 81 33 9999955 9999988 19 9999976 9999950 35 85 19 87 83 38 13 9999948 79 9999924 75 31 9999994 9999945 26 9999967 9999944 9999968 29 8]
[82 9999933 9999921 9999905 93 4 9999946 84 16 9999978 9999936 9999945 9999967 9999996 9999924 9999923 9999950 9999925 93 9999956 9999971 55 11 55 0 72 43 79 59 9999969 51 9999929 9 9999985 9999986 0 42 80 91 51 9999989 9999972 9999924 26 44 73 9999901 9999953 56 12 9999937 26 9999919 9999923 3 77 6 54 9999968 9999991 83 9999904 9999953 78 24 9999935 58 9999974 87 9999937 33 9 9999997 33 73 9999990 32 9999996 1 92 62 28 18 35 54 26 14 70 86 73 11 9999918 28 2 9999965 9999932 25 31 9999931 9999909]
[9999997 9999951 75 9999961 39 9999914 60 9999942 81 53 9999974 9999938 9999951 9999934 9999986 9999962 21 9999981 49 84 9999970 99 91 73 34 9999902 63 73 9999930 90 95 8 4 55 15 73 60 0 88 9999991 68 9999981 9999923 9999915 9999948 9999984 43 9999913 38 9999942 21 9999971 57 8 29 86 9999970 51 56 36 9999972 69 9999995 10 9999967 9999958 9999959 9999987 40 9999986 5 37 2 9999964 9999961 9999924 9999983 46 9999956 9999917 9999959 9999979 9999948 11 9999975 93 98 9999942 9999992 59 9999974 9999969 9999901 84 9999907 22 42 9999945 9999930 9999954]
[56 57 45 9999942 9999905 9999935 99 9999955 29 9999929 9999965 63 9999965 9999963 9999977 9999954 62 2 8 9999998 72 9999994 9999975 70 17 9999954 9999908 9999960 9999923 9999960 9999931 9999953 9999926 62 88 9999952 9999943 47 32 42 18 48 77 2 53 9999901 87 9999916 97 9999958 9999976 9999976 9 9999947 22 85 9999940 9999992 9999944 9999925 83 64 9999966 9999991 28 9999948 9999966 9999913 9999993 9999946 68 1 59 15 9999963 9999952 77 9999995 9999902 9999957 9999917 12 9999917 45 9999909 9999930 9999987 9999920 9999909 90 95 9999987 9999974 9999968 16 9999969 9999978 9999913 50 9999924]
[9999930 54 2 80 9999949 62 74 21 9999971 3 9999926 70 17 9999904 9999909 61 22 29 9999958 54 9999961 58 83 9999994 9999965 54 37 9999959 9999957 9999903 9999965 18 88 9999972 85 9999988 9999908 9999932 9999907 9999924 9999971 30 9999966 31 83 27 9999904 9999949 70 9999900 9999933 9999978 9999930 10 98 62 9999929 9999966 9999939 91 35 9999991 9999920 81 9999938 9999954 25 37 94 97 54 9999929 15 9999958 9999903 9999911 9999991 58 9999951 9999956 29 9999935 81 68 63 9999945 9999948 9999947 9999918 52 9999930 9999981 9999939 9999932 9999915 28 9999982 78 5 21]
[9999937 9999903 9999953 9999964 8 62 70 9999930 72 63 86 74 9999943 9999934 81 3 21 9999933 9999994 9999982 62 92 9999915 45 84 9999987 9999900 26 11 9999906 9999986 1 15 77 9999953 27 39 9999903 9999909 52 9999940 9999904 9999956 75 96 9999900 9999899 55 83 65 9999990 9999914 9999936 9999934 9999903 9999942 9999979 6 25 30 9999909 73 76 9999915 21 62 91 9999903 9999964 37 64 35 9999958 9999984 9999984 7 9999948 21 9999957 9999977 12 41 93 19 9999989 22 21 48 80 9999966 9999995 42 66 93 84 9999949 13 55 39 9999934]
[36 9999991 14 16 25 9999996 9999949 97 9999937 9999990 9999958 9999948 9999952 54 96 9999914 37 9999911 9999942 9999951 9999965 9999908 86 94 9999922 36 20 58 84 31 54 9999915 22 9999968 87 39 9999974 9999960 9999988 19 9999925 66 9999912 9999998 9999965 9999995 77 72 46 9999942 77 9999951 3 9999970 9999974 60 51 9999948 93 9999907 46 48 60 61 63 9999962 9999995 25 9999907 20 88 95 35 22 97 16 32 21 95 9999954 84 94 81 9999951 9999998 9999994 59 9999939 33 87 9999971 62 9999903 26 9999924 9999987 9999991 75 9999945 16]
[53 9999977 77 31 9999970 9999928 16 96 0 9999972 9999965 9999978 9999984 9999938 66 36 9999998 9999986 49 9999905 57 9999942 86 20 9999980 9999967 21 9999916 36 79 31 27 9999959 60 9999991 94 5 51 9999976 58 38 41 17 37 9999976 51 54 17 9999993 9999996 69 9999945 17 9999916 9999911 38 9999917 77 8 5 9 32 98 9999908 9999915 9999987 18 80 45 75 61 17 9999964 53 9999963 29 38 9999931 46 9999950 9999982 9999929 9999907 86 9999941 56 31 9999935 80 24 9999926 9999957 80 9999912 10 22 9999994 1 37 11]
[58 98 80 9999955 64 10 9999948 9999936 5 94 9999903 50 6 9999989 10 41 61 20 9999995 98 9999907 9999985 51 9999935 77 4 60 9999965 9999928 9999961 79 12 76 9999910 77 65 9999943 9999969 17 9999966 9999952 66 42 9999995 9999953 9999901 18 20 49 9999945 9999971 58 56 9999945 58 9999935 9999971 9999950 9999964 2 9999927 9999996 12 71 9999929 46 26 69 9999935 93 56 13 26 9999930 28 9999932 60 31 76 22 75 9999962 9999998 11 9999944 92 77 41 9999992 9999980 21 70 85 9999922 9999973 48 22 72 9999972 9999993]
[72 9999950 52 9999947 9999929 9999938 9999909 9999989 9999904 9999993 9999969 43 9999960 15 9999942 9999968 2 65 9999988 9999923 43 44 9999989 4 80 35 50 12 27 9999906 9999983 21 9999902 51 9 9999957 30 9999984 9999993 25 9999988 1 43 86 60 6 12 27 82 55 6 9999933 36 1 9999988 9999906 46 9999913 9999928 84 9999969 9999914 9999919 9999983 43 99 9999933 9999998 34 9999997 9999935 26 9999963 40 39 9999920 22 55 9999977 9999913 9999960 24 9999993 9999971 10 76 9999920 24 9999939 9999940 51 2 9999916 39 43 17 74 55 9999959 37]
[94 9999937 25 16 13 5 19 9999918 10 48 9999951 9999910 9 27 9999919 73 7 68 48 12 39 90 8 72 78 81 9999949 9999975 98 29 9999968 9999914 62 69 13 9999938 70 9999941 9999937 2 9999934 66 11 69 9999951 37 34 74 87 76 9999918 40 84 9999928 9999937 9999965 92 91 13 80 9999949 71 71 9999975 9999946 19 74 73 9999955 9999948 56 9999958 5 9999937 9999965 9999924 20 87 9999960 9999902 69 9999939 97 9999984 8 64 8 9999919 9999963 9999941 46 77 61 99 9999918 64 9999967 9999929 9999920 9999951]
[9999920 82 9999953 9999955 9999960 27 9999992 88 9999995 19 19 96 9999924 9999907 27 9999953 9999995 9999909 9999991 9999994 96 36 9999982 46 9999953 9999918 9999951 8 34 71 64 9999962 9999967 9999899 9999956 11 4 9999986 9999993 9999943 9999915 73 9999959 9999989 9999996 9999996 9999912 69 9999972 24 9999923 4 9999958 7 9999989 9999936 9999905 22 90 9999925 9999971 95 9999950 9999958 76 9999970 9999928 9999909 51 16 81 9999923 9999980 15 9999903 14 10 42 9999966 9999914 9999984 28 60 93 15 9999983 9999907 23 64 9999973 9999950 48 85 35 27 9999902 5 9999928 9999926 10]
[9999972 67 9999945 9999963 0 9999967 9999972 9999995 22 17 65 9999942 9999957 9999992 9999960 53 9999911 22 9999953 9999932 60 44 9999964 9999952 21 9999972 9999949 41 99 98 9999987 72 9999916 9999939 89 25 67 57 36 9999910 9999990 17 89 7 9999931 9999906 9999901 97 9999978 9999988 9999986 9999913 64 48 7 9999990 75 9999943 9999998 66 9999982 65 9999967 75 9999956 11 78 65 9999952 43 40 9999989 13 26 9999989 9999980 9999952 9999984 38 99 88 9999923 8 9999978 9999928 9999927 1 9999956 97 45 63 40 69 9999952 9999905 9999914 9999952 79 35 9999932]
[96 9999972 9999900 9999991 9999981 28 52 9999956 31 9999976 9999899 54 9999970 9999993 0 9999945 9999975 57 82 9999907 9999899 9999900 9999970 10 42 26 9999936 86 83 62 9999940 9999904 9999948 9999959 66 58 9999934 9999950 17 38 48 9999903 9999945 95 20 39 9999926 9999950 9999931 9999943 9999992 9999998 9999974 9999996 80 24 9999916 9999993 42 9999991 9999983 9999964 2 5 9999920 9999913 96 9999966 8 9999998 97 63 9999961 9999901 9999988 9999935 9999926 61 9999977 9 74 88 80 9999984 9999909 9999955 76 63 9999942 44 9999977 52 28 62 65 18 88 9999972 34 9999928]
[9999946 9999968 9999922 9999935 9999935 9999962 85 68 9999964 9999936 9999900 84 65 9999899 16 67 9999928 57 9999929 9999976 20 9999968 55 64 32 68 89 37 9999984 9999984 17 9999906 9999945 24 39 9999928 9999948 57 52 80 9999925 57 63 23 9999970 99 50 9999934 9999912 60 71 48 39 9999899 55 9999902 39 34 9999940 9999949 9999964 9999979 94 9999908 82 9999983 9999958 10 83 9999955 9999920 30 82 59 78 9999997 17 23 9999932 9999985 9999934 58 37 23 9999919 85 78 9999942 9999969 96 9999936 95 9999951 36 9999952 9999963 9999981 61 9999936 19]
[54 9999938 9999956 9999908 65 9999992 81 81 86 44 9999963 9999924 9999916 68 9999989 65 38 38 9999944 9999926 13 9999905 9999968 84 9999998 81 8 8 9999978 9999939 47 9999902 90 9999944 9999987 42 2 79 9999970 8 58 9999970 26 9999953 15 9999911 53 5 9999990 9999923 66 9999994 82 30 84 9999965 9999904 76 9999959 9999940 9999973 9999941 9999944 9999918 9999977 17 9999976 73 88 9999995 0 21 9999996 62 9999961 5 6 9999972 0 78 91 9999939 9999943 5 10 9999984 18 63 26 9999984 9999918 86 78 9999963 9999974 36 92 9999929 6 94]
[13 74 49 9999910 88 90 49 17 93 9999906 84 9999962 74 53 9999995 9999909 9999915 46 66 9999941 9999977 9999936 9999932 9999956 9999991 3 81 9999908 9 9999914 9999932 9999926 9999945 96 1 22 9999960 9999908 9999978 82 22 43 85 42 9999910 9999940 9999991 63 55 9999986 10 51 89 93 9999972 9999954 9999971 9999994 28 44 46 9999920 21 88 9999984 9999981 22 75 64 93 9999978 93 89 26 37 19 9999917 9999947 25 9999959 21 12 29 9999949 29 9999967 9999950 88 96 9999978 9999953 41 3 9999990 9999915 89 9999946 69 98 9999902]
[52 9999993 9999918 83 9999935 9999944 9999978 9999983 9999941 9999908 9999952 9999985 96 7 26 9999945 9999901 48 4 9999927 9999941 9999952 9999985 2 34 25 9999904 9999952 9999958 55 89 15 33 9999906 76 7 9999973 9999973 9999937 9999967 9999995 39 81 9999973 9999983 9999927 9999914 59 9999947 93 86 81 9999929 46 67 81 91 9999993 9999943 86 45 8 9999990 1 9999985 46 31 60 9999945 9999934 3 98 38 9999912 9999933 9999905 9999968 9999934 30 34 9999971 9999924 21 7 9999945 9999953 9999991 97 46 66 77 88 58 17 75 9999922 84 9999909 13 67]
[9999912 44 94 91 9999913 9999951 9999919 9999912 9999907 9999907 9999918 49 9999936 9999912 9999978 74 9999939 9999940 7 9999912 49 39 4 9999998 92 9999932 9999993 9999959 9999986 9999998 17 82 9999914 97 9999942 9999991 9999923 9999944 9 88 58 9999900 9999966 9999994 9999987 41 14 31 9999946 84 9999954 9999926 9999912 0 9999926 27 87 20 62 60 77 47 9999963 9999988 9999991 70 60 51 9999955 9999944 9999909 9999918 25 9999902 9999965 57 9999905 9999973 73 9999979 9999919 9999961 15 9999995 82 9999986 85 9999980 9999903 54 9999904 9999929 88 1 15 6 70 30 9999960 55]
[83 43 9999996 51 76 52 94 91 9999906 84 9999961 9999950 9999927 29 9999939 36 9999907 58 56 81 9999917 23 9999947 30 9999955 69 9999928 9999924 9999967 9999926 68 9999923 9999939 9999938 9999970 90 9999909 9999911 9999976 3 56 1 59 9999963 9999932 58 9999936 9999966 9999948 9999964 9999977 9999975 9999903 9999940 36 1 9999973 9999928 9999969 9999934 84 99 97 91 9999923 9999959 45 9999986 51 12 68 84 9999910 9999953 83 26 9999984 31 50 9999906 69 9999970 9999914 11 35 98 10 55 0 11 9999944 12 64 55 21 68 9999934 9999964 9999914 96]
[9999940 9999946 9999965 9999911 9999936 9999957 9999998 25 9999958 9999908 2 58 53 98 84 9999931 9999946 14 4 9999954 11 9999976 9999958 99 9999901 9999975 9999953 31 48 9999980 24 96 56 86 36 9999913 9999955 9999969 9999991 17 65 26 9999993 57 41 9999973 9999956 68 9999920 9999932 9999939 9999955 66 9999922 17 46 9999983 31 9999917 3 9999900 23 85 9999922 61 9999907 80 9999900 55 9999954 82 93 99 9999910 21 9999912 9999943 76 9999988 9999930 9999974 9999954 42 81 9999930 9999933 9999956 9999992 36 9999908 3 9999987 64 9999951 51 9999928 55 44 70 10]
[9999922 9999977 9999991 9999960 9999957 9999947 9999942 9999973 72 9999971 9999994 55 9999939 64 95 47 81 9999933 43 9999991 2 9999972 9999986 65 9999946 9999948 49 32 11 31 7 9999987 59 88 9999965 9999927 9999983 42 76 9999946 85 9999994 9999937 9999930 61 18 9999947 52 9999909 9999908 9999973 9999947 27 35 9999909 82 94 10 43 18 9999907 9999989 94 73 9999955 9999983 9999974 97 62 9999942 36 99 9999963 68 20 9999954 9999983 44 9999924 57 40 82 63 9999995 60 9999997 70 9999962 9999910 9999966 9999950 72 78 9999944 44 9999907 9999998 30 61 9999967]
[9999961 9999904 8 9999909 9 62 9999997 9999939 93 9999908 68 9999911 66 32 9999976 9999984 9999984 9999946 98 87 76 9999952 9999960 9999982 8 83 9999935 77 90 20 9999944 9999950 9999925 56 9999949 69 9999917 9999988 9999909 9999974 9999930 47 29 9999996 1 9999948 23 44 83 9999908 85 9999942 9999958 9999933 66 41 9999900 0 9999973 73 69 9999900 95 97 9999976 9999962 14 33 9999919 41 60 73 9999964 9999933 9999958 64 9999926 41 9999987 9999901 9999902 9999938 64 40 71 63 13 60 10 30 9999974 42 9999991 41 95 36 99 21 69 1]
[98 9999937 9999928 9999926 9999978 9999972 9999944 9999995 9999948 35 9999972 9999908 57 95 10 9999968 30 12 17 9999919 47 9999924 27 9999913 14 9999904 83 17 9999905 49 9999996 83 56 14 20 7 27 9999914 9999924 72 80 9999960 12 9999916 94 79 9999899 7 9999975 29 9999928 24 34 99 79 13 9999939 9999951 9999920 9999972 97 95 8 14 9999951 33 9999937 9 9999973 10 9999933 9999981 9999901 87 9999936 21 98 9999982 4 77 12 51 9999993 4 33 9999976 9999931 81 77 18 9999971 93 3 9999930 9999997 93 9999932 9999906 9999929 93]
[9999932 47 26 53 9999977 30 45 9999981 79 8 9999996 86 9999925 9999993 9999908 90 9999974 25 11 43 9999976 9999930 9999975 9999913 39 26 49 14 21 9999990 9999981 92 86 77 9999911 67 9999943 96 9999910 9999963 9999930 9999942 9999916 9999904 95 48 14 34 74 9999955 75 67 9999937 78 81 9999940 74 39 90 9999993 86 9999969 9999924 9999921 89 40 9999927 10 9999969 55 10 9999953 9999929 79 9999989 79 9999937 35 9999913 9999947 9999979 9999974 9999938 9999957 82 8 27 9999945 54 51 9999956 9999983 71 9999918 9999971 34 9999998 9999916 22 94]
[76 9999998 54 83 9999984 9999935 92 71 9999922 9999988 9 9999974 22 9999971 9999977 49 9999952 9999944 9999944 67 13 9999941 27 9999932 46 9999948 58 9999919 9999973 9999973 9999905 95 89 9999926 66 9999906 43 9999909 25 9999986 23 44 9999987 39 3 24 81 60 32 9999997 9999997 37 6 14 87 23 23 0 36 9999959 9999913 18 64 17 9999950 11 64 59 9999929 9999947 9999909 34 24 9999912 34 9999918 9999957 34 57 9999930 46 9999947 63 9999967 9999967 9999938 9999961 9999919 9999947 9999949 91 9999948 9999952 46 9999907 9999995 39 59 9999964 9999918]
[9999966 9999900 56 9999945 9999901 13 56 9999903 9999914 9999996 57 9999947 81 9999927 9999964 9999952 9999953 12 12 62 40 9999917 47 8 69 9999913 78 9999965 9999956 9999985 9999948 9999939 9999992 9999940 56 9999992 9999909 9999901 52 5 11 41 9999956 9999952 55 70 9999949 9999993 9999927 9999984 9999928 9999990 86 9999972 39 9999959 9999983 37 41 9999967 66 53 15 47 9999957 28 9999900 9999956 9999960 9999908 24 5 9999912 81 69 9999918 33 9999995 93 9999982 9999933 47 43 9999920 9999931 21 9999916 9999994 60 9999928 32 44 42 9999903 92 96 9999988 9999947 9999981 83]
]