[[92 99 76 60 12 43 9999902 88 75 14 80 75 49 9999997 95 9999989 25 94 9999956 9999969 44 9999902 58 8 9999964 97 9999998 93 9999994 4 67 22 9999949 9999958 95 9999959 9999911 9999934 32 9999943 9999932 9999971 9999905 9999980 9999981 0 9999910 9999957 23 9999942 43 9999917 22 9999904 9999945 9999904 13 9999987 9999951 35 43 68 9999920 9999967 26 9999964 20 9999951 9999976 9999899 45 58 12 9999982 9999904 9999909 9999990 8 3 18 9999973 69 9999998 22 9999987 45 9999923 9999998 9999967 9999938 9999931 9999950 33 80 9999996 64 9999958 17 9999975 9999911]
[9999956 9999989 9999975 9999930 9999918 9 82 9999912 38 68 44 9999963 9999950 9999961 9999949 9999913 22 9999959 9999988 64 9999992 57 9999918 16 83 9999946 77 76 41 9999993 9999945 30 9999994 9999962 9999993 9999977 59 73 21 75 9999925 27 92 9999972 5 9999969 52 9999997 26 68 9999961 71 98 23 25 9999934 5 9999917 9999916 9999991 9999946 89 25 56 9999946 9999944 68 9999916 73 7 9999966 9999952 21 25 27 9999903 15 9999908 9999920 9999952 9999970 9999966 40 93 9999941 52 9999939 9999924 75 9999965 10 9999961 9999944 19 23 9999913 97 58 89 9999972]
[9999911 26 66 2 53 9999964 9999972 4 81 73 9999997 9999907 9999965 17 9999970 9999960 77 9999995 9999961 9999995 9999919 87 9999939 39 52 9999931 31 9 92 80 21 9999915 81 47 9999998 9999976 74 37 9999993 9999925 9999976 9999914 9999911 9999955 9999906 9999940 41 9999920 5 9999950 83 9999984 9999976 9999917 9999988 9999946 9999901 5 9999919 9999936 9999970 9999915 67 9999998 9999995 9999978 72 9999956 9999966 9999937 19 9999935 38 5 35 76 98 9999979 41 80 3 9999950 32 9999918 9999993 9999960 9999991 9999964 9999904 9999950 21 28 9999920 9999978 9999991 97 9999912 84 47 75]
[54 74 84 8 9999920 9999950 62 9999930 9999909 9999944 9999987 9999996 9999972 9999983 9999920 9999942 69 9999930 71 75 25 9999931 33 67 87 27 9999989 9999997 62 9999967 14 81 48 45 9999910 7 45 51 9999916 11 14 9999928 40 70 9999971 99 67 9999944 8 59 9999967 87 9999930 8 9999966 9999963 70 77 9999942 58 56 9999974 92 9999971 80 91 9999928 9999934 38 9999970 9999916 9999933 77 80 38 26 9999995 9999935 9 9999904 9999951 9999974 9999924 9999905 9999930 35 44 9999946 12 91 9999934 6 9999932 9999953 9999932 51 9999949 86 65 9999983]
[61 41 31 9999975 14 9999963 9999912 4 86 9999983 87 24 9999924 90 38 95 93 9999985 9999964 97 9999987 9999981 13 9999938 9999903 9999928 17 27 9999939 9999910 99 9999955 9999950 35 9999987 47 9999916 34 59 9999957 9999900 9999941 9999965 13 9999972 9999977 9999993 46 55 9999962 9999941 9999901 10 91 91 89 79 9999912 16 9999918 9999942 42 31 84 72 9999920 32 9999908 5 9999978 9999911 9999997 48 9999900 61 17 9999913 9999969 9999993 23 39 36 9999962 9999936 9999965 6 54 9999965 20 68 87 71 93 9999924 36 53 9999970 32 73 9999964]
[9999911 2 92 9999907 6 35 80 9999930 64 80 86 20 88 23 75 78 9999946 9999990 91 9999922 9999911 9999901 9999918 41 9 12 70 9999929 40 9999921 51 9999949 9999914 44 9999968 9999992 9999916 67 9999926 82 40 57 16 18 9999924 9999990 89 9999918 34 90 9999994 69 19 9999996 69 94 9999961 9999985 9999965 74 9999976 49 9999940 1 13 68 9999961 50 9999915 9999989 9999904 9999993 9999910 34 9999986 9999968 9999936 6 34 9999932 9999964 9999935 17 14 9999969 9999970 9999960 9999985 9999938 78 9999973 9999958 9999976 9999949 9999976 74 52 9999990 57 9999912]
[9999904 9999952 9999958 9999929 64 9999900 9999956 9999966 9999962 18 45 25 32 77 9999900 9999935 41 4 9999973 30 9999952 9999924 96 9999969 9999950 46 94 37 9999904 75 57 9999929 84 52 9999909 44 74 9999937 28 62 21 43 9999964 9999987 54 16 9999906 9999974 4 9999958 30 9999937 97 9999954 9999977 33 9999949 9999970 88 9999985 22 86 9999972 0 9999940 83 9999915 9999939 9999963 5 9999933 62 9999994 3 53 9999972 8 30 57 9999933 9999906 83 9999935 87 9999957 48 9999928 9999990 9999951 9999913 32 9999916 27 9999935 9999997 35 53 47 75 82]
[9999969 9999932 13 6 32 9999950 83 6 9999954 36 9999958 81 9999958 9999945 9999929 9999903 83 9999955 9999967 9999904 9999993 9999965 9999970 20 9999904 9999935 9999949 9999984 9999938 42 68 9999958 28 76 9999940 9999945 50 9999936 65 9999997 9999954 9999944 9999955 97 0 44 9999972 84 9999936 93 9999982 9999984 9999912 9999946 9999901 9999915 9999990 48 31 56 9999902 9999971 30 9999969 23 9999945 9999938 21 36 78 96 9999982 9999940 9999991 9999967 75 9999908 22 9999936 0 81 9999930 19 77 9999975 9999919 79 34 92 9999939 9999917 72 54 33 9999956 81 8 89 9999990 9999987]
[74 61 12 9999981 83 83 79 9999953 9999903 30 3 9999971 71 41 9999978 23 9999908 9999931 13 99 9999974 9999965 9999990 9999958 9999993 9999918 67 9999915 9999935 9999906 51 9999925 62 9999952 9999928 39 3 40 9999974 9999966 18 9999935 25 98 9999995 13 20 27 9999915 9999912 9999947 0 98 17 9999949 9999911 95 9999997 40 9999946 9999905 9999953 9999994 9999982 97 9999904 40 67 75 80 9999918 77 9999987 9999953 54 90 9999906 44 9999967 68 9999910 9999989 17 16 63 15 25 12 9999907 19 47 9999967 71 10 58 57 89 9999918 9999902 37]
[84 9999989 9999934 19 58 53 20 64 9999902 70 65 9999947 73 49 10 93 9999969 62 76 12 9999987 9999993 9999957 9999991 10 9999945 65 9999935 9999900 9999914 78 5 9999949 55 9999986 41 9999969 78 9999901 40 66 9 9999974 9999946 67 9999910 44 84 9999906 93 9999910 9999971 9999994 9999952 9999950 9999988 9999959 5 11 9999974 87 36 73 9999919 9999967 9999979 9999956 9999909 9999976 9999947 9999992 9999944 66 46 9999931 15 78 15 9999933 96 9999928 9999956 60 33 89 7 33 64 9999971 9999930 69 11 82 90 9999919 65 11 9999901 80 47]
[9999977 9999954 88 9999959 28 36 9999991 10 9999951 9999913 65 1 9999914 75 12 9999926 9999995 65 9999905 9999988 68 14 9999899 9999983 9999928 9999944 9999937 88 82 90 86 9999959 80 86 9999949 13 48 9 9 36 85 9999957 9999953 9999976 23 9999928 9999909 9999947 90 11 9999931 9999940 30 9999998 9999985 9999963 9999902 57 9999919 9999955 61 9999957 9999929 9999959 89 93 33 60 9999976 9999912 9999995 9999968 23 9999946 62 9999959 75 59 13 82 9999916 18 58 9999921 9999958 9999998 9999953 9999911 69 66 9999935 84 9999964 7 29 9999993 14 9999908 76 9999918]
[56 9999957 32 93 9999979 9999929 9999981 23 44 9999926 64 79 76 9999913 51 9999906 22 5 9999933 52 9999945 95 9999903 9999902 9999943 22 9999966 56 9999923 37 9999902 9999945 9999956 88 23 3 9999967 9999990 81 9999925 9999993 29 24 9999962 9999907 9999991 9999977 9999903 9999980 9999988 9999934 38 9999950 9999963 90 9999929 93 9999991 9999970 9999963 9999984 28 9999988 77 24 53 90 62 9999919 9999981 9999967 9999964 9999968 12 9999979 86 52 9999979 54 30 9999976 26 75 7 15 67 29 85 9999981 99 43 52 9999994 67 55 9999915 33 74 67 9999947]
[9999954 92 1 4 9999903 83 79 9999963 64 57 9999963 9999951 9999911 37 9999996 9999955 61 9999970 9999993 9999980 9999943 30 9999922 27 9999919 74 9999911 9999954 48 9999987 79 9999963 68 9999917 9999947 9999905 35 9999946 35 84 9999980 91 90 54 95 95 38 9999902 9999995 9999939 82 71 9999899 46 9999941 4 26 2 9999976 9999955 9999952 12 60 33 71 9999943 41 9999951 9999973 52 1 32 16 77 59 9999944 9999998 32 9999920 9999993 3 53 9999987 9999959 9999944 92 86 9999940 75 9999936 89 71 9999931 35 9999907 87 44 9999961 79 9999977]
[6 23 86 43 9999908 38 38 9999921 98 9999906 67 9999957 68 38 43 9999941 9999979 9999947 9999910 9999918 9999902 9999965 9999969 17 9999958 18 9999992 2 63 9999974 9999945 39 9999953 9999951 36 9999899 9999976 39 40 9999932 72 9999987 9999969 9999982 70 9999995 88 61 9999966 57 39 20 64 9999985 9999998 9999938 9999971 50 9999981 20 9999997 9999961 9999987 9999940 9 3 9999946 34 9999910 9999991 9999924 45 82 9999989 72 19 68 9999960 9999977 9999938 9999963 9999987 64 85 70 18 9999914 21 62 9999963 75 9999944 9999971 9999923 3 9999998 2 54 9999925 9999901]
[9999934 80 62 9999931 9999923 12 9999972 68 9999965 36 86 9999958 9999964 26 17 9999899 11 9999918 9999981 6 13 9999992 9999913 9999996 74 40 9999990 22 9999955 9999956 9999930 9999911 59 80 64 9999948 9999953 56 9999964 73 9999969 9999940 9999925 9999952 9999925 9999909 9999921 91 9999942 9999985 9999948 12 75 9999926 10 9999958 9999917 9999933 97 9999904 63 99 9999918 9999985 0 9999941 9999934 9999911 54 9999973 9999965 9999969 9999916 9999938 8 0 9999998 9999930 9999915 46 13 9999937 9999942 45 9999967 9999978 19 43 26 57 89 9999919 49 9999972 9999905 9999935 9999954 97 17 9999950]
[43 52 9999938 82 9999933 9999911 62 9999980 9999952 9999996 9999955 41 9999953 9999963 83 93 59 9999920 9999952 18 9999945 9999968 99 10 77 9999953 5 57 9999974 9999977 9999947 55 9999996 9999918 68 9999957 1 9999966 10 9999936 9999991 9999997 9999937 2 0 9999945 9999943 9999945 9999920 46 15 82 9999924 78 9999944 9999916 9999916 9999963 9999937 9999940 57 36 9999948 21 9999932 33 9999993 9999911 9999968 9999900 9999932 9999969 9999970 34 9999909 86 9999985 9999952 9999956 9999998 29 45 9999963 17 7 17 9999925 78 32 9999919 67 47 9999951 76 9999947 9999907 9999965 9999967 62 72]
[20 11 36 99 9999988 21 9999899 9999955 9999927 9999929 9999959 28 9999908 9999907 55 52 9999903 29 12 9999903 9999961 93 18 9999951 9999939 86 9999981 9999900 84 9999996 9999974 9999954 9999962 94 9999984 9999910 18 51 10 9999939 39 7 45 77 80 9999908 9999986 9999930 9999958 72 20 9999987 9999917 9999968 9999977 48 17 9999936 9999940 9999959 9999906 69 9999986 9999925 9999932 43 36 9999988 9999937 56 9999924 36 9999944 9999942 81 95 9999958 37 57 9999900 9999969 84 33 65 0 7 9999948 51 9999996 9999904 3 9999925 9999987 9999986 9999971 9999988 9999943 9999916 4 80]
[50 82 7 70 9999905 9999980 9999994 98 9999993 99 93 61 68 34 9999906 20 9999962 38 9999934 88 9999902 58 53 95 9999993 30 9999900 9999908 88 54 4 9999968 9999971 16 75 5 20 9999925 9999934 42 9999914 57 25 9999961 51 35 90 15 49 30 42 20 87 9999942 84 9999951 26 9999979 7 56 35 96 86 17 85 15 9999947 9999963 65 87 9999984 9999971 9999957 79 9999935 9999972 9999952 9999907 9999965 9999905 82 9999954 58 9999967 9999940 78 22 89 9999943 62 9999962 69 9999925 9999960 9999902 93 9999989 9999938 42 42]
[9999948 39 9999996 46 65 9999906 58 1 9999992 12 9999960 9999965 24 42 9999985 98 37 72 5 9999942 9999931 71 9999941 37 9999927 40 52 9999944 55 9999941 9999997 9999937 9999928 1 9999985 48 11 9999956 76 62 27 9999901 9999965 9999901 9999977 19 29 9999998 9999924 9999904 9999928 9999916 9999991 9999971 9999997 9999916 9999922 9999926 33 18 56 73 9999908 76 9999978 9999939 22 15 67 94 76 1 28 76 67 9999933 27 9999989 7 9999997 9999911 68 20 99 80 39 3 9999953 9999924 87 57 56 81 85 74 9999969 63 48 9999924 45]
[9999977 19 4 9999954 9999951 9999996 71 90 54 43 64 9999948 75 30 61 9999943 73 13 56 9999929 9999925 9999935 9999970 9999991 9999928 8 55 9999996 35 9999924 9999962 9999955 27 9999954 10 9999969 68 9999983 17 9999922 9999973 17 14 93 20 9999941 34 28 13 49 9999926 9999950 9999918 9999967 26 9999914 16 9999906 9999964 9999956 23 45 9999901 9999970 9999976 24 9999909 9999930 1 9999910 9999939 9999959 9999930 62 52 9999907 9999958 9999948 63 27 76 19 9999983 44 9999982 9999983 9999934 9999955 5 9999969 9999989 10 28 17 9999955 9999934 47 28 9999949 9999901]
[2 9999934 9999951 56 9999944 9999916 9999909 9999965 9999913 55 71 59 29 3 72 9999989 15 14 85 85 9999956 76 9999926 9999911 95 98 83 94 9999907 9999974 58 9999946 40 9999957 9999911 9999988 9999980 9999926 32 74 9999964 65 3 14 33 15 9999985 9999975 67 9999951 11 35 9999913 36 7 55 9999981 9999983 9999903 20 98 9999938 9999962 82 41 27 8 9999916 12 63 81 54 85 75 50 9999994 9999966 9999940 9999992 9999918 67 80 33 99 33 29 9999916 9999979 65 81 9999904 62 9999931 9999961 9999934 9999927 9999972 9999953 68 91]
[36 72 9999997 9999916 9999947 9999902 9999973 3 22 9999954 9999913 61 74 9999949 9999976 9999984 75 24 9999902 59 9999939 9999900 9999978 96 9999942 9999937 61 25 9999902 9999976 9999925 72 91 9999910 64 79 32 9999962 9999940 9999941 32 9999967 9999975 74 36 9999906 10 49 9999975 9999985 27 9999972 75 92 9999942 9999927 45 9999902 9999975 73 9999981 9999950 34 17 9999996 63 9999940 83 9999907 72 99 51 54 57 9999983 85 9999980 54 9999942 78 9999940 9999918 9999978 9999946 93 73 9999937 68 9999935 9999997 64 66 3 9999908 88 35 16 26 9999948 9999968]
[61 9999927 87 9999941 9999930 9999974 32 51 9999958 9999965 16 20 85 9999985 9999958 63 9999970 92 46 21 9999945 5 9999982 46 9999986 9999998 9999983 13 9999997 35 24 13 98 53 31 96 9999921 9999954 50 24 42 9999914 59 87 40 89 87 60 25 9999947 9999951 64 9999917 45 9999959 61 9999915 9999904 51 67 9999965 33 9999927 11 9999915 59 62 9999931 19 9999964 9999972 9999968 9999934 65 71 14 9999952 8 17 16 80 58 41 66 9999996 9999947 9999976 46 39 63 75 9999981 4 95 2 24 72 9999938 25 23]
[43 79 44 9999936 9999914 76 9999963 9999930 9999932 95 9999931 25 9999947 9999945 9999976 75 31 13 9999950 9999982 9999977 30 9999943 9999922 52 9999946 9999923 72 63 75 52 9999970 9999967 9999916 9999924 62 93 92 9999996 9999912 9999973 9999963 98 9999992 9999930 56 15 47 9999962 52 9999957 83 10 9999986 35 36 81 9999968 78 59 9999983 81 9999913 74 11 68 49 14 9999996 9999961 9999915 9999905 9999934 9999975 29 9999932 9999935 99 53 10 91 24 92 9999948 9999909 9999932 85 79 87 9999956 44 93 9999970 86 9999972 79 9999932 62 9999925 90]
[3 9999960 89 9999955 9999952 72 85 9999981 9999943 9999961 70 9999946 9999922 9999961 9999958 97 9999921 9999910 11 60 9999935 9999900 8 77 59 9999988 66 9999970 45 51 57 9999944 12 9999934 9999927 33 57 9999961 9999921 9999982 87 66 14 82 9999986 55 9999924 5 9999908 95 9999940 45 9999944 29 9999961 9999937 9999963 80 9999924 9999954 3 59 9999949 27 9999994 63 81 83 9999907 9999921 9999980 96 5 9999915 9999954 37 9999909 9999903 26 9999971 49 9999948 17 9999928 9999963 9999986 5 9999989 9999970 36 9999955 27 52 9999998 25 9999932 70 1 57 9999945]
[9999995 9999918 9999909 9999953 40 9999902 9999902 9999907 81 9999984 61 93 9999934 27 9999992 91 9999905 9999993 96 9999997 71 57 9999915 9999988 9999917 54 9999979 9999912 9999930 49 9999937 9999906 92 42 78 9999916 85 94 9999935 9999914 29 9999959 65 33 32 9999915 63 9999982 77 86 42 33 58 9999913 9999926 9999974 29 1 9999914 11 9999922 54 9999955 9999948 70 86 94 4 9999958 28 76 9999958 9999993 9999958 9999961 5 76 9999973 72 45 9999923 9999934 91 9999923 9999933 9999965 9999901 9999940 9999997 66 9999908 59 9999974 9999932 9999963 9999953 81 18 9999970 94]
[9999934 9999940 62 89 38 46 95 9999933 34 98 9999920 26 9999907 9999948 25 9999929 9999980 9999996 9999910 82 9999967 9999953 41 92 9999975 83 9999924 9999965 9999993 32 3 1 99 9999932 9999956 9999967 9999963 9999960 3 92 9999912 40 13 9999948 9999926 77 36 69 9999965 9999921 89 9 9999969 9999907 97 9999947 49 9999933 81 84 86 42 9999913 48 9999939 57 9999943 27 1 40 74 3 9999979 34 78 9999939 9999923 60 9999932 9999930 66 62 9999924 57 21 9999947 44 9999920 93 9999988 35 9999955 56 9999918 63 9999933 9999997 9999957 9999926 9999964]
[9999942 67 9999992 35 75 9999971 37 97 9999907 83 9999910 6 23 9999995 9999945 49 44 55 9999976 9999958 72 97 9999964 9999985 9999933 88 65 33 18 9 91 25 16 73 47 39 4 97 9999918 9999957 9999917 9999911 9999977 9999912 71 54 49 9999929 9999992 41 9999928 9999996 9999945 80 9999943 80 9999962 90 62 23 9999968 9999956 9999946 53 63 55 32 9999976 9999931 9999939 67 16 60 9999900 9999998 9999918 9999916 61 9999912 39 9999936 60 9999981 23 9999967 9999911 27 67 9999995 64 54 72 9999989 9999951 86 9999946 37 9999971 9999992 9999989]
[9999930 49 9999929 9999992 9999934 64 9999939 9999949 41 14 9999923 34 9999996 9999911 9999932 87 9999988 9999977 52 77 9999904 31 9999998 9999995 9999926 9999933 4 9999971 10 41 9999989 98 9999979 9999993 62 9999947 9999990 9999919 56 67 9999899 9999933 9999935 9999984 2 91 71 9999910 67 9999988 9999938 9999909 9999955 0 9999977 9999909 40 38 9 9999934 84 9999921 9999965 6 9999970 6 20 9999975 15 9999993 9999973 9999990 26 55 9999949 9999997 19 9999993 9999902 23 9999957 41 9999998 9999902 78 60 91 9999990 56 9999915 97 9999985 9999986 74 9999974 9999905 8 86 9999992 54]
[9999944 9999949 9999955 9999900 82 17 9999969 9999971 50 11 9999977 46 20 9999952 0 29 9999983 9999935 9999957 15 7 9999981 9999929 9999991 80 9999917 3 9999959 9999996 9999923 12 9999994 59 79 9999947 9999957 87 19 21 9999905 75 29 99 9999925 82 9999965 83 9999926 9999914 9999995 5 9999951 9999971 6 99 54 9999957 9999935 9999985 9999987 9999959 6 75 9999901 9999914 9999940 9999916 8 9999961 9999970 9999904 33 9999928 9999942 49 9999958 9999981 9999943 9999931 9999917 52 96 9999965 9999951 9999907 96 90 2 9999969 88 9999952 70 64 9999923 5 62 9999989 53 9999964 54]
[9999986 9999967 46 86 25 9999997 9999940 9999955 9999918 9999927 77 88 9999982 9999969 9999948 9999967 48 29 74 73 9999904 49 77 9999946 9999991 9999951 9999959 9999932 9999902 9999970 9999927 24 9999984 13 2 67 55 9999992 9999955 9999921 19 9999924 79 9999955 9999977 9999970 9999931 9999945 14 9999904 9999954 9999924 9999998 15 9999934 26 17 63 99 12 9999966 92 37 82 51 9999979 6 9999911 9999989 33 9999975 46 9999988 22 9999984 59 47 9999955 9999985 9999977 9999906 88 9999971 97 38 9999922 25 9999939 0 41 9999907 45 9999992 9999924 21 79 82 75 9999907 9999998]
[9999979 9999943 73 9999973 26 10 63 85 45 78 10 9999940 57 9999977 9999986 9999926 73 9999989 9999900 9999937 8 9999929 98 9999916 88 18 9999918 17 15 9999967 9999949 9999980 9999903 32 36 9999950 18 9999931 97 9999956 6 39 4 45 9999945 9999916 10 94 9999984 70 13 9999968 62 9999937 9999900 9999951 67 9999927 4 9999988 9999906 43 90 9999920 9999991 9999901 20 90 59 53 9999943 65 28 72 9999953 57 63 92 49 9999957 9999976 9999991 90 9999915 59 17 98 18 9999901 19 9999926 9999982 9999935 9999910 9999994 9999948 88 97 9999978 2]
[9999980 85 9999985 9999955 52 9999979 9999971 9999954 83 9999971 9999937 54 9999899 9999913 9999973 9999986 9999939 57 9999922 9999948 84 92 42 9999911 9999941 9999932 9999910 2 33 83 9999962 94 9999940 9999989 9999984 9999933 9999950 27 81 9999925 9999943 9999920 96 9999982 51 90 9999899 30 91 50 9999900 9999921 9999929 9999936 88 30 54 67 75 9999935 3 9999908 9999974 9999899 29 54 72 87 9999941 9999988 97 70 9999916 19 9999907 34 9999941 52 9999976 9999934 89 9999901 48 40 35 0 9999978 99 98 9999988 9999907 9999970 9999916 9999952 9999952 9999899 94 5 19 9999928]
[9999939 9999958 9999920 31 9999935 14 9999931 12 9999996 19 45 9999975 9999972 98 9999914 9999974 77 9999903 2 67 51 94 9999920 9999956 9999944 9999906 9999958 9999967 9999964 85 39 9999964 62 41 35 9999997 3 20 43 47 9999967 9999981 9999955 39 73 35 9999993 83 13 9999991 71 9999981 9999947 9999900 69 9999930 9999981 9999982 9 30 9999900 9999972 99 9999974 9999911 9999962 8 6 9999969 72 9 77 31 9999935 9999940 17 9999946 9999973 9999908 33 9999936 9999903 9999966 9999984 9999959 9999915 0 15 9999951 4 78 2 9999916 9999910 9999940 9999918 9999931 9999970 9999991 26]
[30 98 9999955 54 9999903 36 47 82 9999919 9999964 9999940 94 9999966 55 87 9999924 9999906 54 9999967 9999952 9999913 9999961 75 1 9999907 9999973 9999923 9999929 3 52 39 9999974 9999907 9999973 9999903 9999904 77 9999961 9999914 64 39 66 9999930 9999930 43 24 9999936 50 9999902 54 9999967 53 81 9999934 9999943 27 9999972 14 9999993 56 9999919 9999935 67 9999968 9999960 21 9999949 9999945 9999990 9999949 3 9999972 89 9999974 12 9999903 59 9999902 75 85 66 9999922 55 9999980 9999902 9999995 27 34 9999969 9999936 84 18 55 21 9999993 9999923 15 87 9999988 42]
[9999942 9999922 48 9999913 61 80 9999936 85 24 12 62 9999952 36 64 9999993 9999927 45 9999985 90 32 51 15 59 7 85 9999899 44 9999927 2 2 9999996 85 9999969 9999923 9999960 9999992 12 9999969 75 79 9999982 74 10 42 9999971 9999967 9999909 9999937 9999966 24 23 36 9999998 20 9999969 43 9999945 9999959 48 9999899 91 9999928 9999954 45 81 39 9999961 9999956 9999988 9999982 9999914 9999905 9999939 9999988 9999935 67 9999974 9999925 9999903 9999941 56 30 9999909 9999916 51 20 9999932 9999924 9999940 31 45 9999911 9999930 9999899 9999939 9999949 9999982 9999993 81 19]
[72 70 40 0 86 9999996 82 9999983 37 66 9999933 9999988 9999929 6 88 86 9999973 9999919 9999984 9999947 9999920 23 90 9999961 9999969 65 2 56 97 9999935 25 9999908 9999921 9999985 67 0 1 91 86 64 9999981 27 9999998 9999913 70 9999919 9999922 85 9999945 59 9999942 23 9999920 9999923 9999954 9999996 9999947 9999998 9999944 9999959 95 73 72 9999955 9999938 27 9999931 9999989 88 9999943 9999971 9999997 20 95 32 9999936 33 9999965 53 95 90 82 1 9999960 9999955 83 36 37 9999993 7 9999928 9999988 9999974 95 18 74 9999997 40 85 72]
[9999947 9999939 54 9999922 9999948 30 9999915 55 19 9999967 86 64 9999909 9999899 9999932 9999947 49 75 9999914 9999942 70 9999955 15 9999961 15 96 9999914 9999983 9999945 34 9999981 9999982 9999911 9999949 9999991 3 71 36 97 53 9999903 83 9999960 9999972 64 9999928 9999967 3 4 9999965 9999923 9999909 9999904 34 14 63 16 9999981 9999988 9999942 37 9999916 9999915 9999929 9999998 24 9999980 7 9999947 9999931 97 14 9999954 44 9999986 74 9999909 45 9999959 9999965 99 9999931 48 24 93 9999918 61 51 9999929 82 52 9999925 9999983 9999960 3 9999900 9999927 79 9999934 26]
[73 9999974 31 38 37 9999900 47 9999981 41 70 40 9999980 9999921 9999909 9999941 70 9999976 96 9999964 9999924 23 89 9999918 29 94 4 13 87 27 98 9999974 9999916 9999981 9999940 29 11 9999906 9999957 38 9999962 77 44 9999994 98 39 9999948 9999991 9999942 78 9999993 84 42 42 9999901 85 37 20 27 20 17 9999984 37 51 9999943 9999983 9999973 9999934 40 75 9999910 9999941 7 65 9999924 15 9999916 69 43 71 9999941 22 57 64 9999924 9999957 72 86 9999924 98 76 18 3 73 60 9999900 9999932 9999980 9999995 9999914 58]
[9999985 9999996 9999963 30 9999961 9999922 9999960 66 9999949 59 0 9999955 49 41 25 39 94 9999972 9999900 80 9999918 9999991 2 9999976 9999906 9999960 24 12 43 49 59 15 53 9999956 15 9999987 44 9999907 37 57 58 9999967 55 9999914 9999948 9999963 9999956 9999940 55 9999949 32 9999985 94 16 9999926 60 9999947 69 9999983 9999926 9999937 41 9999956 67 97 96 9999924 9999947 9999955 96 1 51 9999975 45 30 0 90 85 64 9999901 9999917 39 71 48 9999922 9999951 55 9999982 21 9999968 29 9999937 9999968 68 9999972 9999974 9999977 25 9999977 39]
[79 9999967 9999994 9999972 47 86 84 9999916 69 41 9999981 9999909 52 90 9999953 9999979 38 28 66 34 9999971 66 9999960 9999985 65 69 94 61 9999903 9999983 9999910 9999922 9999939 9999931 27 34 32 95 9999977 9999919 75 9999984 42 55 9999940 4 9999925 20 41 81 38 9999937 9999943 89 53 9999919 9999930 38 6 9999929 65 73 51 9999919 9999977 9999910 19 9999976 2 60 73 9999933 9999906 70 9999956 43 9999985 33 9999936 9999953 60 9999977 3 0 82 19 13 27 37 9999916 9999989 9999955 9999937 9999930 8 27 6 9999987 9999935 34]
[36 9999998 1 9999924 9999957 84 46 9999960 9999906 13 61 9999920 9999988 9999947 9999969 32 87 9999900 15 61 9999926 9999942 43 9999953 9999989 48 94 9999931 94 9999971 9999909 9999948 9999991 9999904 9999909 90 9999957 9999973 59 98 9999903 9999980 9999918 27 9999952 9999909 97 33 64 57 9999964 9999900 9999921 9999996 9 9999987 9999944 11 92 9999971 12 73 9999989 54 5 9999908 9999948 36 17 82 28 9999964 9999954 96 54 98 9999982 21 9999900 9999940 9999961 9999967 9999950 41 83 9999930 9999902 84 80 9999962 32 54 9999978 9999909 9999986 9999917 58 9999900 75 14]
[10 9999905 79 34 97 9999899 9999985 9999921 9999905 9999936 33 19 21 35 9999983 16 73 9999945 26 26 9999912 9999922 87 9999926 62 40 90 78 17 9999990 45 1 9999906 4 79 32 9 76 15 9999927 99 63 36 80 68 21 6 9999910 9999963 8 9999983 49 9999941 44 26 30 9999933 9999937 9999980 62 9999935 59 34 80 9999959 42 57 9999944 9999932 13 57 45 9999937 96 9999942 37 9999908 9999984 54 9999988 9999975 99 34 49 82 75 9999973 67 42 61 9999989 9999920 9999968 9999977 9999974 6 84 9999941 29 9999961]
[30 49 9999903 9999991 95 9999940 9999989 12 9999950 9999904 9999915 10 9999987 9999941 9999929 9999964 29 39 9999908 9999908 9999988 94 9999951 9999934 87 9999985 60 9999965 9999902 9999959 96 22 9999965 9999990 51 48 9999930 92 21 9 9999911 9999976 9999969 3 57 0 9999899 9999989 43 9999989 9999913 61 9999965 11 9999992 9999947 35 9999960 9999912 9999977 47 9999939 9999946 9999943 48 41 36 30 9999985 91 19 9999970 12 9999998 47 49 9999908 9999979 9999935 94 56 9 9999991 24 9999987 30 13 59 9999996 9999942 59 9999988 37 9999920 9999954 9999918 9999921 79 11 28]
[9 5 9999954 9999917 9999997 9999939 9999988 40 9999975 9999928 79 9999909 9999997 9999946 0 50 9999997 30 18 9999938 9999900 9999939 9999925 9999948 9999954 9999956 9999982 9999967 9999993 23 9999948 86 71 18 9999924 9999935 4 9 9999927 33 9999935 34 77 14 12 48 9999937 9999971 31 65 63 97 31 68 60 9 9999899 13 32 0 72 9999934 9999916 94 7 69 82 61 24 43 9999991 5 9999970 70 9999991 9999905 49 9999953 9999920 0 58 48 9999979 32 44 9999901 79 9999950 51 95 74 9999904 9999911 55 9999947 9999953 9999959 0 9999972 48]
[58 33 48 67 55 94 9999935 9999991 3 73 9999949 34 35 9999941 9999954 60 9999940 9999943 24 77 38 32 67 82 91 9999980 9999931 70 24 91 9999909 98 31 9999955 9999960 9999912 9999915 9999984 76 11 32 75 58 74 4 9999954 9999969 9999970 9999901 9999956 88 9999907 9999913 86 9 9999970 25 9999908 70 9999947 9999988 40 40 9999927 9999951 9999929 9999924 9999963 9999941 74 9999919 9999923 87 9999994 92 55 29 9999920 52 9999937 37 9 9999991 45 65 57 9999985 9999922 86 9999934 33 9999938 9999941 9999982 69 9999902 35 66 36 52]
[47 9999943 92 9999903 75 25 74 85 9999989 9999917 43 9999966 9999917 34 50 9999982 9999978 48 9999960 36 9999948 3 9999922 69 9999905 52 42 9999919 9999942 68 70 9999936 91 63 5 44 72 9999944 60 13 9999924 37 9999937 9999993 3 9999988 9999922 9999982 0 9999994 9999994 51 9999985 46 27 61 9999919 80 9999916 9999910 29 1 9999955 9999985 22 9999981 79 9999928 61 9999977 10 9999981 9999968 69 12 85 62 9999942 75 24 9999937 9999951 70 40 22 9999904 35 92 80 9999928 18 15 9999971 12 98 28 9999984 16 9999972 50]
[9999983 9999930 9999934 9999963 9999966 9999899 22 9999954 54 65 69 67 9999952 19 9999899 9999921 9999937 9999928 67 9999953 9999899 69 9999932 63 9999906 9999920 9999944 42 23 45 56 51 9999975 9999957 9999993 26 92 16 37 39 10 9999988 9999925 33 56 9999958 9999966 56 87 2 9999971 51 61 9999943 9999916 38 9999958 14 77 52 9999997 9999984 9999980 9999932 10 53 69 9999937 98 68 9999973 73 58 9999978 9999966 16 9999943 33 26 92 55 9999972 9999973 9999987 9999905 9999972 9999947 55 9999997 23 9999984 75 44 61 64 9999928 65 9999913 9999946 9999957]
[81 7 9999900 39 9999966 64 9999948 9999911 10 9999978 9999951 81 9999976 72 30 9999960 9999910 9999899 9999958 9999912 49 9999985 47 70 9999923 49 51 48 9999969 18 9999936 9999913 9999980 55 9999935 9999938 9999972 7 57 9999905 85 95 9999991 9999948 72 48 9999935 9999909 9999962 9999985 57 9999998 9999985 69 9999942 22 9999953 9999940 96 9999938 13 9999998 97 9999974 9999948 13 3 24 57 9999920 88 9999912 22 9999904 9999933 43 13 9999944 9999975 34 9999992 9999928 60 9999906 87 45 9999948 48 84 58 9999964 9999909 9999929 6 9999939 50 9999925 9999917 9999918 8]
[9999921 50 9999977 81 9999937 9999962 9999965 14 82 48 9999944 53 9999991 9999963 9999903 9999992 9999936 9999979 62 26 9999961 56 9999938 37 79 32 9999995 43 9999971 94 26 57 9999971 59 9999948 9999903 37 24 83 15 9999901 41 25 9999936 9999944 59 9999932 10 9999943 9999938 9999979 89 9999906 9999939 9999944 29 9999973 47 34 9999920 61 9999991 12 76 9999957 9999984 9999960 9999987 16 9999977 9999990 66 9999965 21 9999995 9999948 9999958 31 9999976 57 9999965 9999907 34 9999943 20 78 98 57 9999918 9999983 9999995 27 9999930 9999945 9999912 9999979 42 9999984 9999981 3]
[60 52 9999943 7 9999907 56 74 5 72 9999919 97 9999984 10 74 9999956 10 9999928 9999993 9999979 47 47 9999917 9999938 92 82 9999902 9999900 68 9999946 9999928 9999945 65 49 44 58 17 9999953 63 47 9999994 9999933 9999982 86 9999987 9999908 9999979 51 14 9999974 9999949 9999998 9999970 95 71 30 71 9999992 41 9999942 9999949 9999961 94 9999929 9999991 18 9999918 80 9999925 9999948 48 9999965 78 9999992 9999969 46 37 9999915 98 9999980 76 5 99 9999963 9999934 67 9999973 9999992 9999990 9999900 9999993 9999907 4 9999996 4 37 9999947 48 72 93 9999917]
[51 9999945 14 9999947 9999996 60 32 9999942 9999937 9999931 66 9999946 9999960 9999913 98 9999993 42 18 7 9999966 64 88 9999953 9999951 9999997 27 9999900 95 9999982 3 9999962 56 9999935 9999977 85 9999954 9999978 9999948 52 54 9999919 9999990 40 9999951 63 63 21 9999962 60 9999962 28 21 9999990 58 32 61 9999983 9999928 9999954 9999973 9999929 9999943 71 53 9999938 18 22 95 9999962 57 9999997 46 9999973 9999989 48 28 9999966 9999954 37 10 9999984 10 57 9999931 9999955 9999980 3 9999977 9999926 9999936 9999943 9999966 9999948 23 31 9999982 9999916 28 9999954 7]
[24 9999943 44 67 14 5 45 77 92 9999991 73 9999949 87 69 9999992 70 4 9999905 9999906 99 9999936 37 9999909 9999915 38 9999939 9999917 96 52 91 76 9999960 9999954 9999979 9999909 9999914 33 45 22 53 80 9999995 92 9999917 67 9999983 9999928 76 9999976 99 1 9999983 9999970 9999955 82 9999966 94 9999957 9999970 86 7 9999924 79 1 9999963 29 9999945 63 9999942 9999944 89 15 20 80 9999917 32 9999933 9999952 9999933 9999911 76 9999952 89 9999976 9999913 93 41 9999987 9999972 45 68 9999930 9999994 80 90 9999989 17 43 9999958 99]
[12 9999959 59 9999932 25 9999930 72 9999949 9999941 9999919 67 9999929 65 9999961 35 9999928 89 9999984 9999953 9999990 9999942 86 9999908 84 9999971 87 9999922 75 9999966 21 58 9999987 9999956 9999982 97 9999936 9999973 63 9999926 7 42 9999939 9999923 86 47 9999985 79 6 13 9999980 28 9999978 9999901 95 9999924 9999981 9999953 67 9999971 4 43 9999958 66 9999919 9999915 60 9999981 9999967 10 9999965 9999977 13 91 9999945 81 9999997 9999953 9999982 9999914 52 9999901 97 9999966 65 9999927 9999920 77 9999982 9999984 9999902 9999903 67 66 93 54 99 31 9999915 99 9999940]
[85 9999936 9999987 41 2 9999978 9999972 79 4 44 9999977 88 9999939 84 9999899 9999902 52 74 32 44 9999983 97 9999934 9999956 96 9999923 9999935 84 9999909 78 90 9999943 9999919 17 9999966 74 9999938 9999905 9999971 9999912 30 34 34 9999937 9999961 24 43 9999922 9999977 23 48 9999936 78 13 77 80 1 9999986 9999945 91 9999953 51 9999975 9999907 9999983 9999911 97 75 65 37 9999929 9999998 25 56 9999916 9999939 37 58 49 76 62 53 9999971 64 75 91 9999899 9999993 6 9999994 9999955 16 77 46 9999918 9999919 93 9999911 9999928 9999969]
[62 42 88 9999921 8 9999934 28 9999954 52 48 9999969 9 9999975 9999960 66 9999911 76 70 9999979 9999921 99 9999921 9999991 9999942 9999975 39 9999923 9999921 26 9999955 9999948 9999964 19 81 86 9999969 74 89 6 27 9999947 9999991 9999958 43 9999927 9999953 8 9999965 9999931 9999938 46 9999997 9999954 12 50 9999955 92 1 9999978 9999911 65 9999933 9999986 77 86 9999915 9999965 81 74 67 35 88 9999961 9999935 62 82 9999989 9999938 9999925 9999976 9999987 9999936 9999987 23 13 51 9999959 9999948 9999976 9999922 48 95 9999987 9999967 59 0 9999984 9999909 23 25]
[35 20 9999991 76 34 9999954 44 9999926 9999971 9999951 9999903 9999974 9999975 9999919 36 9999909 71 9999981 39 73 9999909 58 9999968 81 33 3 62 9999993 9999940 9 82 30 9999933 78 9999968 9999941 9999986 9999932 9999930 99 63 98 9999997 87 84 9999951 85 73 8 99 9999972 9999963 69 82 9999932 55 9999952 12 9999975 9999993 9999927 9999941 9999918 9999971 72 78 35 9999926 9999937 9999912 66 28 46 58 9999984 48 9999920 7 9999899 77 41 9999930 21 9999919 9999900 9999935 32 9999904 56 9999987 46 55 80 9999938 9999972 64 9999919 74 58 9999960]
[9999951 94 54 92 40 27 9999972 9999980 9999917 5 74 9999920 1 9999926 73 9999918 74 20 9999952 96 9999969 82 9999938 9999956 9999969 9999907 9999958 9999899 69 9999989 62 69 9999973 9999937 9999963 99 9999939 1 9999937 17 58 9999917 9999916 62 67 9999930 33 22 89 9999909 9999936 9999916 16 9999920 18 9999975 9999980 32 6 9999918 9999926 9999917 75 9999965 77 9999956 52 20 9999975 9999933 9999978 9999935 9999941 9999996 98 9999919 9999974 9999984 48 20 9999943 9999908 47 9999982 9999913 9999944 78 59 9999956 80 9999930 9999910 9999989 65 9999981 61 9999930 9999929 59 9999957]
[95 65 9 67 54 49 9999930 60 9999952 9999943 27 63 3 88 36 14 13 9999939 9999933 18 36 76 43 61 9999955 23 9999978 30 85 9999926 9999924 9999989 9999901 93 9999918 73 38 9999979 9999980 9999979 9999955 9999990 87 22 9999938 9999994 34 22 9 9999998 84 40 77 52 9999950 9999974 9999914 64 5 92 9999899 9999910 33 43 9999917 0 9999952 42 20 14 9999998 44 9999962 55 79 20 7 91 87 43 9999992 49 29 9999958 92 56 49 58 38 9999913 46 70 3 68 47 9999902 45 2 9999931 9999978]
[9999994 9999976 9999955 79 51 70 42 65 9999972 9999962 10 9999921 9999960 57 9999911 17 9999976 9999975 91 63 9999947 6 9999970 42 60 90 6 9999997 12 25 9999979 26 9999975 9999909 84 96 9999984 91 9999911 9999973 20 9999927 9999932 65 9999942 76 9999910 89 37 9999928 9999969 9999922 6 44 9999947 90 38 9999993 16 9999912 66 89 65 57 9999951 10 9999930 9999932 10 31 9999912 9999932 9999961 9999996 35 0 13 9999990 9999915 9999925 30 9999908 95 63 0 38 9999954 12 84 60 9999947 9999956 72 9999934 94 9999986 9999932 9999929 76 84]
[17 92 9999934 54 9999923 9999998 22 9999975 9999970 22 49 12 9999908 55 73 2 9999940 9999924 39 31 9999972 9999929 9999925 9999918 9999920 9999899 52 9999967 20 17 9999918 9999947 9999936 9999939 74 33 44 9999992 2 9999931 68 9999955 9999900 9999910 9999938 9999919 9999911 39 9999965 9999989 91 42 9999934 92 2 14 9999936 23 9999955 86 9999915 9999925 9999998 9999970 96 9999961 9999916 12 9999920 9999958 9999974 9999974 80 9999983 91 90 20 9999979 79 9999971 46 9999955 9999992 9999961 54 9999993 9999952 25 9999899 9999942 67 65 9999925 58 9999916 55 42 9999985 22 27]
[33 9999934 9999915 28 94 9999923 88 9999961 9999994 9999900 21 76 9999940 9999908 9999912 44 0 86 79 56 9999946 9999940 9999917 39 55 60 21 9999955 44 64 47 25 9999962 9 15 39 40 9999948 29 9999899 9999965 12 9999944 9999996 33 9999996 73 20 9999924 9999924 9999903 10 9999992 87 9999984 9999944 9999919 9999952 96 9999924 92 32 83 25 9999937 75 70 9999936 26 9999936 9999955 81 9999931 9999912 93 9999923 9999966 95 4 2 59 9999976 98 39 35 9999947 9999944 5 74 18 9999948 0 9999978 9999913 9999919 76 9999928 24 9999966 22]
[9999926 12 9999961 46 9999980 97 9999931 9999937 4 9999937 9999939 9999948 9999910 9999953 4 9999902 38 9999971 9999967 37 9999924 59 52 80 9999934 9999929 9999909 9999922 98 9999900 9999957 9999904 57 13 9999987 9999942 9999996 98 3 29 9999945 9999941 71 9999914 64 45 40 9999921 15 9999977 9999901 82 11 9999914 92 82 17 9999989 44 21 69 9999918 95 9999907 9999972 46 28 9999997 9999933 61 9999954 47 78 62 9999955 9999937 9999937 4 9999940 63 94 9999993 57 46 38 9999969 9999937 32 9999980 73 9999899 7 9999986 9999996 53 9999915 49 78 9999972 9999925]
[9999940 94 9999973 9999899 9999978 9999943 9999927 9999918 4 92 90 9999924 9999973 42 9999938 83 9999985 79 9999934 66 22 9999947 9999975 9999980 9999968 79 9999910 41 25 68 86 9999899 41 9999915 9999918 9999950 9999950 9999983 9999929 9999991 35 9999982 41 78 9999988 59 9999905 9999917 31 9999931 9999961 79 9999965 12 13 9999953 21 45 47 9999928 19 9999982 79 9999907 9999910 89 55 9999961 63 9999936 71 4 9999973 22 9999993 85 9999908 75 33 9999972 9999981 87 22 2 9999919 96 40 9999968 9999963 54 9999989 99 9999974 8 62 8 80 83 9999932 9999968]
[73 9999976 9999910 9999965 50 86 9999922 9999986 47 9999996 9999909 61 9999902 22 36 9999912 9999986 86 18 58 9999917 99 9999901 9999989 9999957 9999956 70 9999927 24 9999909 9999981 63 43 77 9999996 19 9999951 57 9999920 9999979 77 9999996 25 9999923 61 33 9999974 92 9999942 9999906 9999908 31 32 36 9999966 65 84 73 9999989 68 56 41 9999985 11 9999968 41 9999909 9999970 42 9999943 76 9999955 9999994 9999989 12 9999932 9999952 9999938 9999986 9999934 9999909 9999962 9999918 32 56 9999953 9999984 9999908 9999927 45 70 9999899 63 9999937 9999946 8 9999997 22 81 9999993]
[9999977 9999976 26 79 9999984 26 9999939 9999983 9999958 7 90 43 9999994 51 58 9999987 20 20 9999985 9999902 20 9999968 9999904 9999975 86 9999932 9999944 9999939 9999969 62 58 26 9999933 9999943 57 9999923 40 9999950 57 35 13 80 84 9999946 46 9999944 9999924 9999964 9999902 9999908 76 6 65 9999920 61 10 14 14 88 60 90 9999925 9999937 9999935 9999956 9999932 9999991 27 45 9999964 0 17 9999900 9999947 9999982 16 38 9999977 70 9999937 9999974 86 56 42 9999962 55 12 9999977 12 10 31 9999996 82 9999979 9999992 82 9999968 98 9999948 91]
[3 72 9999996 29 9999956 44 9999968 88 65 44 9999949 9999967 9999982 9999996 32 74 42 9999987 2 54 9999986 44 6 9999911 9999978 59 86 48 9999997 57 1 88 59 9999997 56 76 68 9999939 79 17 9999899 48 90 9999977 0 41 9999959 9999923 9999956 9999915 77 34 9999962 9999945 9999985 21 66 22 97 9999992 88 15 9999903 9999945 9999953 9999963 9999956 96 21 72 18 54 9999908 51 23 79 67 9999977 92 9999904 9999929 44 9999925 24 45 9999983 35 92 71 9999948 9999954 48 75 11 9999941 76 8 2 9999908 9999954]
[78 9999994 9999907 83 23 9999968 69 9999908 42 69 9999918 9999902 9999899 41 76 83 9999916 75 92 52 9999976 9999909 54 80 13 40 9999928 80 9999996 9999957 24 77 62 9999933 80 9999948 9999934 44 88 16 85 9999989 29 3 81 57 79 26 79 9999989 9999900 95 9999991 9999950 57 9999962 9999955 9999970 9999926 9999939 9999998 9999979 3 21 84 96 79 9999955 9999943 77 39 8 9999988 96 43 9999974 9999921 73 0 9999914 83 9999950 96 9999980 9999953 45 9999943 70 9999984 9999978 60 52 56 34 9999917 9999928 91 91 25 18]
[9999925 65 61 9999909 9999942 9999983 9999965 9999959 30 9999997 27 9999939 9999905 9999905 9999943 9999975 9999994 9999923 9999934 19 77 60 9999946 9999951 9999991 40 28 62 82 9999973 67 82 9999921 85 9999944 9999934 50 9999981 73 54 9999955 2 9999909 53 33 62 79 9999928 68 74 9999909 9999955 9999978 9999935 76 21 28 95 62 64 9999929 14 66 28 82 85 9999947 97 9999909 9999950 57 9999950 9999915 77 14 57 11 9999964 9999985 89 9999914 64 55 88 69 80 9999925 9999911 43 54 61 16 9999966 63 11 37 9999909 46 9999933 76]
[9999927 9999990 36 9999924 9 9999918 9999997 87 61 2 88 9999949 59 97 38 9999917 57 9999993 9999930 12 2 9999987 89 51 9999939 74 11 84 47 4 0 95 9999929 15 14 9999905 9999956 56 9999987 9999991 26 0 9999987 27 54 17 9999936 70 9999977 9999933 17 83 29 9999910 9999968 47 9999991 9999902 9999952 77 9999922 71 7 9999976 77 9999944 33 4 9999975 27 9999909 9999912 47 93 9999907 52 9999989 4 97 7 49 9999957 3 43 53 4 9999962 59 9999931 31 9999970 9999900 29 16 7 9999978 9999921 41 9999934 9999987]
[19 5 3 84 9999929 9999925 9999971 9999957 39 9999917 9999949 44 9999946 9999985 9999937 9999960 9999982 9999929 95 1 9999944 9999916 9999934 11 26 69 9999951 23 9999922 9999910 9999944 9999926 31 77 80 9999926 53 98 4 9999959 9999929 9999958 9999907 77 89 9999902 9999964 98 59 45 9999951 19 9999984 9999994 44 26 18 9999905 43 91 81 98 89 81 6 99 9999972 60 13 9999900 80 9999973 99 9999957 9999948 95 9999943 36 89 9999921 71 9999987 25 88 63 9999973 28 9999964 52 56 2 66 9999911 68 9999964 9999940 11 59 9999928 71]
[9999966 59 7 9999993 9999938 52 9999916 36 61 9 9999903 75 9999932 4 9999950 9999951 30 46 1 92 9999932 84 77 72 9999984 96 47 9999941 78 9999969 94 9999952 22 9999946 9999933 9999967 89 9999920 25 37 11 62 14 82 9999995 36 9999959 9999973 9999989 9999945 22 10 9999962 75 9999985 9999984 9999965 82 9999986 9999940 47 87 26 9999911 9999935 57 9999982 9999912 56 16 9999901 9999966 21 78 6 9999924 68 99 9999909 49 9999911 42 73 9999940 9999900 42 9999957 47 9999926 9999969 49 31 9999942 84 73 9999916 19 9999975 9999929 93]
[3 88 9999969 9999980 9999958 9999913 91 79 89 68 52 33 9999962 9999912 9999949 61 81 9999908 69 14 9999924 29 2 76 92 9999910 9999961 14 47 40 89 43 84 67 9999900 53 68 80 72 34 91 51 9999968 88 36 9999995 6 20 31 52 9999913 16 9999934 83 9999985 9999986 9999984 9999928 19 87 9999977 17 9999968 28 43 39 9999986 9999920 55 9999922 96 50 9999913 93 10 64 9999953 9999959 9999929 76 48 95 7 9999923 67 9999929 9999919 13 43 9999923 50 9999951 9999933 9999958 9999972 77 9999991 9999904 71 9999971]
[6 9999988 26 5 95 52 9999972 9999997 62 26 9999987 82 9999923 9999961 44 9999989 45 84 38 9999899 9999904 30 9999964 14 9999984 9999948 9999902 36 17 3 95 89 61 9999979 9999956 91 9999913 80 9999952 9999961 9999937 9999902 9999918 96 22 9999995 83 9999990 68 40 48 69 26 9999903 22 9999919 9999951 9999930 24 93 42 49 9999979 9999951 92 9999946 44 9999968 76 9999910 54 9999979 83 9999965 9999994 9999974 9999945 87 9999958 30 9999988 9999994 81 9999923 9999947 9999995 61 9999905 9999925 9999986 5 9999942 9999956 9999936 9999905 76 9999941 9999954 11 27]
[9999985 9999934 9999909 91 27 46 61 9999967 9999939 70 9999899 90 35 9999979 57 9999956 9999920 9999914 9999902 9999915 9999946 84 96 27 9999984 68 9999930 44 11 9999942 9999931 37 58 9999915 9999924 13 73 9999983 9999955 9999974 67 91 11 47 9999937 9999936 17 9999938 9999968 9999938 9999970 9999974 43 76 5 88 17 11 9999932 7 9999907 9999994 9999975 9999998 92 9999984 9999912 9999989 9999955 9999964 15 43 57 9999903 9999974 9999981 9999977 9999982 93 46 55 9999921 88 9999912 70 59 9999943 9999975 13 9999932 9999912 82 9999937 3 9999911 9999923 9999956 9999972 63 91]
[9999996 83 9999995 51 9999917 9999920 9999970 48 59 84 66 9999944 44 9999913 95 84 3 9999937 9999921 9999979 9999988 9999922 9999975 56 9999984 9999993 9999961 12 18 9999927 72 81 9999928 9999940 74 89 9 9999933 9999920 9999944 9999968 9999982 32 9999901 75 47 9999965 15 61 18 9999941 79 9999915 9999952 57 9999977 89 9999987 9999928 25 9999903 9999962 9999932 9999943 13 60 29 9999947 61 96 30 51 9999974 70 9999951 37 9999911 9999947 9999954 9999915 86 9999900 9999937 75 9999986 44 9999948 9999985 43 63 9999907 12 9999996 9999997 84 75 9999914 84 55 9999989]
[9999998 9999916 9999968 9999903 7 8 41 9999957 9999997 9999965 65 19 9999986 9999960 9999899 51 85 9999937 26 9999908 0 9999917 9999937 9999909 9999922 49 99 20 9999962 9 49 77 9999934 40 27 77 9999944 9999942 27 44 75 9999903 59 15 6 9999954 9999929 98 99 48 9999937 9999931 17 9999959 84 56 9999998 74 9999969 9999983 61 9999949 74 9999931 72 9999945 9999983 57 59 15 9999927 9999955 13 98 9999916 9999910 9999996 9999990 9999962 36 28 9999974 32 9999929 48 39 9999984 84 9999952 87 9999933 9999951 88 9999998 9999994 70 25 9999918 9999911 9999927]
[75 9999906 9999905 14 58 9999919 9999912 55 9999996 88 9999980 9999946 9999972 9999935 9 9999922 9999986 92 66 85 39 9999956 9999984 9999970 9999927 9999930 79 94 0 86 19 29 9999903 29 83 39 24 9999941 32 53 18 9999982 9999939 74 9999952 29 25 63 9999974 96 9999937 9999932 9999967 55 56 9999901 9999953 9999939 9999927 9999913 16 91 9999911 9999981 43 12 16 59 71 9999926 9999899 9999923 11 9999948 55 9999908 16 9999996 9999966 9999901 57 9999964 75 9999927 75 70 9999976 9999949 84 9999936 9999995 5 9999933 9999994 61 9999930 14 9999941 11 62]
[9999926 9999987 67 9999915 9999969 40 96 9999982 9999914 9999907 74 9999909 23 84 28 9999941 9999978 28 80 9999946 55 55 9999947 75 9999909 30 84 62 27 26 69 0 9999964 9999915 21 9999988 84 32 10 65 9999986 49 29 9999976 10 9999966 9999928 9999926 9999980 59 9999943 9999901 9999899 9999914 9999916 9999964 41 9999977 97 9999944 9999996 37 9999951 20 9999911 9999997 76 9999899 9999962 44 51 9999996 9999901 66 26 71 9999928 2 9999953 30 56 9999913 9999907 84 9999973 2 19 9999948 3 9999943 9999942 69 9999991 9999926 15 98 9999900 24 38 9999968]
[9999901 9999947 9999984 9999900 9999902 9999910 23 9999949 21 9999986 9999924 9999909 35 9999899 9999982 71 89 9999967 9999991 9999947 81 9999920 9999977 59 23 76 9999905 97 19 9999902 9999971 22 9999916 25 9999993 9999935 47 8 9999934 8 12 39 99 97 24 9999965 9999950 80 9999944 9999979 9999959 9999906 19 9999992 72 93 47 9999910 9999921 74 9999950 57 9999915 9999977 7 56 21 9999940 9999974 9999964 9999934 37 44 9999951 9999950 9999964 9999939 9999902 58 31 23 0 9999997 11 91 21 9999990 9999957 47 9999916 9999984 9999943 39 9999989 17 95 93 30 42 9999990]
[9999943 22 78 9999930 9999965 25 9999923 9999943 9999907 40 26 9999919 9999955 9999981 9999928 9999960 58 0 31 66 9999919 12 98 9999906 9999916 9999972 9999929 97 59 9999926 9999912 9999986 9999995 9999944 9999918 17 9999977 58 9999919 9999933 99 31 9999946 9999916 99 9999922 9999935 9999961 73 9999912 9999989 30 9999928 9999904 9999963 93 9999901 9999940 71 23 84 55 9999963 9999920 40 12 9999978 9999948 32 76 9999962 60 4 9999902 94 9999964 9999916 94 9999909 9999907 5 9999942 15 9999962 9999935 89 9999944 81 6 34 38 9999935 9 50 12 9999948 9999991 9999977 12 9999925]
[49 9999912 9999938 48 88 9999922 50 9999961 44 9999972 9999968 22 54 82 32 12 9999981 64 50 97 9999970 9999967 86 9999925 92 67 61 9999991 45 77 9999957 1 52 99 9999906 56 30 9999968 2 9999963 5 43 9999934 9999923 86 9999952 69 5 9999965 9999911 1 79 9999978 44 9999909 63 9999992 9999937 81 9999911 81 53 9999982 48 9999911 35 82 81 9999924 9999970 65 80 9999954 9999980 13 97 9999914 93 9999949 22 97 18 9999993 9999988 9999953 9999931 9999998 52 9999962 9999937 15 20 24 26 26 95 9999933 9999975 9999988 94]
[31 9999930 1 9999971 9999903 9999967 91 69 69 9999912 86 94 50 9999901 5 72 9999997 39 9999934 9999937 9999914 9999989 9999947 9999963 75 71 40 9999899 9999972 9999956 9999922 9999930 9999938 54 7 1 23 59 9999964 9999912 13 9999992 9999973 9999942 9999978 38 9999995 24 84 32 98 44 3 9999921 67 9999924 9999920 21 96 9999990 9999973 34 9999929 9999903 22 46 68 7 9999911 9999943 15 64 37 9999992 9999998 9999989 9999900 71 9999979 32 9 9999952 9999986 12 21 9999941 9999933 9999992 9999917 41 9999944 78 69 73 25 2 9999924 9999929 9999974 9999977]
[58 87 9999917 9999955 28 40 98 9999985 9999903 9999921 9999956 61 9999986 9999912 9999992 24 32 39 4 91 9999963 9999938 63 67 9999998 45 56 9999917 92 10 80 39 9999975 7 9999951 9999967 9999901 9999913 52 9999957 9999966 9999958 9999971 9999936 9999910 9999927 6 43 60 19 17 9999993 9999950 9999957 38 9999966 9999966 9999930 71 9999973 82 9999985 73 9999907 9999925 9999938 25 35 9999928 9999989 9999995 9999943 9999946 30 29 9999991 9999974 93 44 58 0 9999906 29 47 9999914 17 9999951 28 9999915 7 94 30 9999939 57 9999955 88 90 9999904 93 77]
[14 9999994 22 20 27 64 9999989 9999947 13 52 91 9999928 14 9999972 55 97 68 9999904 65 87 75 9999910 66 9999903 9999934 9999979 58 9999902 9999933 50 9999971 9999942 27 9999972 76 25 9999992 89 95 9999990 9999992 9999918 9999995 9999952 57 9999933 9999899 9999927 9999938 9999980 9999989 9999965 9999974 42 9999993 9999910 28 9999920 9999927 43 82 9999943 9999939 9999956 63 65 9999899 64 85 9999915 2 9999901 85 9999934 47 59 86 9999905 71 9999977 99 47 65 9999974 88 30 9999949 97 22 9999907 9999969 47 9999953 9999948 9999976 9999977 9999968 35 9999921 9999989]
[58 26 9999993 20 9999986 9999900 9999961 76 80 9999980 3 25 55 75 9999954 65 9999951 57 57 9999969 73 33 9999949 84 9999967 8 9999954 9999927 9999950 9999942 9999958 9999983 71 9999939 9999995 9999972 9999983 64 43 9999942 31 9999911 68 69 9999921 71 37 86 9999977 9999957 0 24 6 9999933 9999928 9999973 11 64 47 9999904 9999908 45 57 9999932 9999948 9999965 9999900 80 66 82 73 27 9999990 9999905 9999985 9999991 14 9999942 3 9999986 77 9999948 55 9999933 35 9999972 9999952 98 9999901 9999993 24 9999938 32 96 9999919 9999968 75 71 9999956 39]
[9999910 9999924 66 1 9999951 9999974 54 9999981 9999998 9999909 9999952 2 9999997 5 9999936 79 9999951 39 96 64 1 9999986 5 20 33 58 21 55 44 9999916 4 9999978 9999905 9999918 57 49 9999970 9999946 9999981 9999928 66 9999994 9999916 9999993 9999997 9999947 9999967 9999980 9999962 9999932 33 88 67 9999923 9999963 96 53 3 9999901 9999903 9999908 9999952 9999986 9999934 9999928 9999907 32 50 9999960 9999923 9999906 9999910 9999952 48 67 38 76 9999968 41 47 66 9999948 48 9999933 15 9999994 9999987 53 68 11 33 9999937 6 63 17 9999967 31 9999945 64 44]
[28 32 9999955 6 67 4 72 9999977 16 9999998 10 9999980 9999966 72 9999958 25 7 9999980 91 20 9999991 64 9999943 25 86 63 9999995 97 40 6 9999922 72 9999995 5 93 42 9999991 81 53 9999966 9999949 41 91 1 10 55 9999952 9999984 9999967 53 26 11 9999977 38 9999917 63 77 9999910 9999942 36 34 9999923 9999899 9999944 9999908 21 20 9999937 64 93 9999983 18 21 89 9999966 9999954 90 44 10 22 97 9999979 9999930 37 9999910 9999932 9999914 10 1 9999914 49 55 22 9999997 9999934 39 9999934 9999967 93 59]
[94 47 9999920 9999919 16 9999947 9999979 16 32 9999935 43 57 9999950 17 9999931 49 10 9999903 91 31 83 9999904 74 9999957 9999981 9999992 78 10 52 52 12 9999931 9999939 96 46 82 9999940 3 64 9999934 29 9999933 11 9999965 9999904 9999953 8 9999907 81 33 14 95 9999927 9999992 9999985 9999939 43 9999995 97 9999935 9999919 9999925 55 89 9999968 92 20 9999997 9999986 9999932 9999908 9999956 9999899 9999924 75 9999926 55 9999928 13 5 9999903 9999980 3 9999950 9999944 9999978 9999927 88 30 29 90 52 49 9999961 9999972 9999933 47 65 92 92]
[57 9999940 27 9999916 9999977 80 21 9999992 9999958 43 3 38 9999942 25 8 86 9999966 9999940 32 9999912 9999976 86 12 16 9999985 9999922 9999951 9999906 9999994 9999966 60 9999952 9999917 72 9999920 9999915 76 55 9999907 98 9999971 9999901 9999992 13 9999907 75 31 9999980 48 60 9999994 9999975 75 19 79 78 67 9999972 83 88 17 77 10 9999917 9999928 27 82 9999945 96 9999968 32 9999926 50 9999940 9999906 61 9999900 74 9999960 9999995 42 9999990 15 9999997 91 52 9999993 9999962 9999941 9999973 39 9999997 9999904 48 9999971 56 9999947 54 9999993 9999899]
[9999923 9999923 62 9999967 9999981 9999954 9999939 9999919 9999949 20 72 9999944 9999972 94 9999919 9999958 9999926 9999948 73 9999994 9999910 9999983 2 79 88 9999990 9999942 9999899 9999981 9999904 9999923 9999903 35 9999912 76 56 58 9999963 71 9999907 9999950 66 65 22 9999926 43 9999978 67 9999964 9999947 9999991 9999926 23 18 9999924 9999953 88 9999964 9999948 9 76 9999951 9999902 9999919 9999971 92 9999908 9999922 5 9999901 5 35 9999920 9999905 79 9999978 30 9999987 9999951 25 9999994 47 48 57 9999900 9999936 41 9999993 63 9999928 9999931 9999902 9 84 9999911 9999973 9999960 9999991 96 58]
[31 50 30 71 9999938 31 9999926 9999993 12 9999973 7 52 9999923 9999932 48 9999949 42 45 9999961 29 5 23 90 9999993 9999961 14 9 31 97 9999958 9999935 66 9999951 42 3 9999920 30 59 5 57 9999929 23 89 37 80 9999973 44 12 9999924 9999989 41 9999994 9999906 70 26 9999934 9999959 48 9999958 9999951 21 9999934 9999937 9999914 6 67 17 9999952 61 9999924 44 29 9 25 42 37 9999925 9999939 9999994 9999930 61 37 9999962 9999943 83 9999932 49 9999956 9999942 9999899 13 97 9999912 35 9999915 57 80 9999906 9999973 9999924]
[9999953 9999958 98 90 9999941 38 88 9999998 33 9999941 9999995 9999976 9999991 9999904 9999969 53 10 9999968 9999961 9999991 41 9999990 9999917 24 9999965 17 9999985 9999904 9999972 9999934 34 91 9999950 9999933 9999939 74 9999982 9999915 15 9999928 11 52 9999901 9999920 79 1 33 62 9999975 64 9999930 82 9999931 12 83 83 9999949 9999957 67 11 9999977 9999980 9999900 26 96 9999911 9999926 9 67 82 51 37 11 66 20 30 14 9999914 9999995 49 24 0 88 95 9999913 0 9999993 9999973 9999936 31 42 9 9999982 53 65 9999924 32 63 9999987 9999971]
[31 9999899 9999976 9999916 9999973 49 9999955 91 9999900 97 9999938 9999925 9999930 25 9999902 9999939 90 32 9999937 90 9999901 9999984 68 9999993 29 79 9999981 92 75 36 11 90 9999948 47 33 9999906 44 40 32 9999975 85 80 9999985 67 84 9999997 40 68 9999903 29 83 9999958 9999946 12 9999956 28 16 9999917 25 9999997 9999903 9999946 9999987 9999922 18 6 16 9999937 24 9999987 9999972 84 12 9999907 9999974 53 9999934 9999955 69 9999935 76 9999963 36 61 77 9999989 9999922 71 9999963 97 63 98 9999964 41 9999965 9999908 9999988 40 23 9999921]
[69 95 9999990 52 38 9999959 80 56 64 9999941 9999919 98 9999919 9999899 38 22 64 94 9999932 9999912 9999976 1 34 59 9999964 9999988 38 9999905 9999944 40 9999907 9999959 43 10 9999933 9999940 7 9999909 5 9999985 4 9999980 9999972 75 92 9999995 63 9999994 46 40 71 9999933 66 48 9999966 9 59 66 9999958 84 74 9999951 86 11 57 9999915 20 9999943 9999954 30 9999916 27 9999918 9999951 81 38 9999958 9999995 31 38 9999965 44 9999952 39 14 31 9999910 15 54 9999978 34 9999967 10 75 81 57 9999953 9999943 9999959 13]
[13 75 9999994 18 9999968 38 9999970 9999948 12 9999976 10 95 9999935 9999911 9999945 35 94 9999974 12 63 31 9999909 9999934 9999934 9999918 9999971 9999992 61 9999973 9999930 14 27 9999962 7 0 9999939 9999953 9999997 9999949 9999975 9999968 9999925 9999980 78 63 16 9999943 9999984 9999936 9999948 2 9999914 99 9999962 75 7 9999934 1 72 9999952 55 9999976 9999921 32 9999959 15 9999919 9999919 9999950 9999985 9999934 22 9999985 18 89 9999973 9999926 69 90 85 9999975 27 9999995 9999992 47 9999920 4 39 15 9999935 9 3 26 45 64 66 51 9999998 17 50]
[9999912 9999981 9999954 9999970 18 23 47 9999925 9999971 9999978 9999902 88 9999995 49 77 9999931 9999965 9999940 71 9999923 72 98 98 9999983 49 9999990 85 9999971 45 9999991 10 96 53 9999914 9999991 25 9999914 9999925 9999971 10 9999929 9999953 98 13 9999963 58 9999985 9999950 72 9999946 9999951 49 9999936 93 73 37 9999954 9999963 9999977 9999901 17 11 2 31 9999913 49 33 9999916 11 95 9999995 9999932 9999991 9999907 34 95 9999965 71 9999969 19 43 9999910 39 9999920 76 56 9999990 43 36 94 36 9999932 24 67 9999930 25 9999963 81 9999933 15]
[79 9999963 9999913 9999969 9999994 63 9999964 13 9 9999945 57 9999953 9999976 9999945 84 28 27 9999952 9999935 9999943 8 9999910 80 9999914 9999909 9999979 15 9999963 9999994 95 9999969 11 9999988 9999923 9999944 93 4 9999909 9999937 9999930 34 2 9999998 83 73 65 83 9999941 56 9999990 45 47 74 21 9999997 9999963 55 46 91 9999915 2 9999915 22 9999971 54 9999932 9999982 9999931 50 53 56 9999997 9999937 9999969 18 7 9999912 79 84 94 78 9999950 71 69 64 9999964 46 9999964 74 9999997 9999962 87 64 9999937 9999908 78 9999936 19 9999944 9999906]
[85 9999976 9999955 9999983 12 70 37 9999981 9999899 9 9999984 90 59 70 9999977 9999945 35 86 9999912 9999930 9999921 65 77 9999921 9999928 17 9999963 14 9999925 9999937 9999908 91 58 9999965 80 58 9999971 9999955 34 87 26 9999939 9999904 9999964 12 9999992 54 9999952 52 78 26 1 9999998 9999978 35 9999946 9999983 9999985 9999956 9999987 9999910 35 9999952 89 9999946 9999923 9999976 9999997 5 9999905 9999955 9999904 9999976 9999961 9999936 9999931 86 32 95 9999921 9999899 8 9 9999918 9999973 9999910 92 9999948 9999968 48 9999960 7 46 9999964 9999917 9999973 39 34 58 9999982]
[40 43 80 43 9999959 9999931 11 28 9999904 9999977 9999974 19 9999930 70 13 45 51 9999934 91 9999964 9999924 9999937 50 20 9999998 15 88 9999912 17 9999900 68 9999992 60 9999974 74 9999921 9999993 40 9999987 9999944 9999991 13 62 75 9999989 9999990 82 9999906 31 9999995 51 9999916 27 52 9999911 58 94 41 9999919 9999949 46 89 99 9999911 9999971 9999983 95 45 9 9999932 80 9999994 9999935 40 9999982 93 9999923 12 89 9999928 9999941 9999968 12 9999923 9999998 68 9999906 76 9999983 25 9999961 19 46 9999982 9999914 95 9999958 9999986 62 9999991]
]