[[1057016261463175841338422101641065350617943294892173613]
[6807003811681064372706264687132026163280288380552989118]
[9360806087352753716602557982475510407723141996254612444]
[3478223394467772847905542163508619109759421484893307275]
[8432849588442967410348937525386587227074396324791548920]
[2170890497993848188234411879848262392183156998753132619]
[1148039249004649196463142681418544201308131024568116352]
[3364189258695759752032332126420414421926310825996497655]
[4650917589352359861266552956731665869039370648785561800]
[2888967216533632960202692610011874809085372781387247272]
[941774246229061260735847414205286462522240176749238377]
[7785862983401428260055389587136728095841706577968873936]
[5380805936327813828752314914061211055485538777634801096]
[3712200074921288294028633819653499720657793168713616196]
[8267016435881947841547145787766670137922611114316362992]
[7474286693928478600361748927474572655774782653271093196]
[3890044709076744900951794568026355442780953608151474012]
[7866862703502017696369413287821157469952413438052623127]
[3053544763968796431064648356479209144558860366086431149]
[1508961335315107326471880716942226605458244454455215563]
[4289081545409117576130131492630684675443151206287056561]
[303432385866919990892022389925575862345912432896688864]
[5287369985853246839672517252612994384279442042368789556]
[4248624038851706694862488201821408605297938019726352775]
[5077938397423147542121950163506492843167917463850065732]
[8053958685045952875311903479641713540127369381091262040]
[6265015584461645440663503718606485939373717886657191554]
[3165353097434080086176209992769007522856445063724836456]
[2375269071446008152519986348418966330092595212220564226]
[1975859828284732760759726941675769291056930974236356121]
[5266026904725708941633374992145961589684994140424519871]
[1064745214500829731846766040987053463780742878303003566]
[6162064440591671022303534216353062995965223476284981744]
[3963654217958767714782033372165262764855389807665827323]
[5628046708237103516862241937050237145226828094980446596]
]