[[1648081493780977262326701545613499317512224782770632178]
[1974162225517316274978350323444158640879007316254884638]
[6671912784378848342986502033486665907490423329859759347]
[1455956732797400867036200121261861458235502333143731506]
[7068113682702197110273424592871502520678093828584392155]
[6310472954840324201195775267655537963062638483884318102]
[5593149332221441116765094282725832050819963089708288686]
[7405697585448909700542903267674485144905398590397635384]
[6053835705440269796029062425167957406831164412946108065]
[2793855176681640310844735481279924293530958141750561507]
[2931081197157063377095801656806808857718628027200363928]
[7473662595313694002310037967302816181280929969948329049]
[1265163947309395732906283780574181264498739317587816674]
[1844432771004387242814481919094659790359629140938744910]
[6181514691106475633298422369041562535145861070779673253]
[9681843696780127533917438819941855311156561808725999593]
[4728493907546801909051251295323700384090891914769431080]
[5311659524890251380479600203049286865247815467918367523]
[9144373250322822260032671056147895843794494327810842517]
[4060036146986881616325605258378828327841929228551533902]
[6885399884017510526246125475707531396874319552259382560]
[1483197430071495577056251688741121820476908579379366263]
[2211405789234581911509174102862813327469489613950477889]
[6204804993682180108238727798523994322230674871088748578]
[5527555979996856223129164810678302137167550153644516385]
[2774493869145183855919259409222858377641958603935120909]
[1329389986555755125044862339341279172396314695633413043]
[5786017527624062870063006996244486762197475089517225650]
[6419597040757869886973728316007413975136212219756292650]
[6718739165157190559698165726553286201859205549183931318]
[2226320323457998976501494859097592350284736999044063594]
[4357314722799484581424264789645654873212547761258452483]
[6544181383993320318186635716078277150759712863329316080]
[5751205617535372308198896370841384293473501892894421675]
[8856195351159167083369904001134305326872571283546303105]
]