[[61 9999981 86 20 9999930 44 66 34 43 9999936 9999975 58 9999990 9999987 12 9999973 9999942 27 21 9999931 9999957 70 13 9999974 9999960 41 5 9999972 9999932 21 16 9999902 9999961 9999967 58 9999930 81 39 20 9999946 9999979 58 79 9999997 9999941 9999930 84 11 34 64 9999976 60 9999970 9999964 9999907 9999902 9999950 9999958 58 9999961 29 9999905 41 89 26 9999980 9999990 9999911 41 9999941 9999920 9999944 65 9999935 30 9999997 9999981 72 9999969 88 9999980 4 9999977 9999934 9999997 2 55 9999918 9999977 9999905 9999975 9999996 9999951 9999947 9999949 9999969 9999977 24 9999928 9999966]
[57 9999925 9999934 9999921 9999906 9999960 9999936 9999973 13 9999991 48 9999903 9999965 55 9999992 9999944 36 9999941 37 9999904 9999949 69 56 9999967 15 38 9999985 31 9999941 9999899 6 98 24 70 9999961 9999961 9999900 59 93 9999990 90 41 27 91 9999960 7 9999995 52 25 9999956 9999916 9999997 9999929 9999966 9999996 9999928 55 9999939 45 33 9999909 9999902 9999900 35 41 9999916 9999996 58 25 9999953 89 9999961 23 99 9999901 63 18 69 49 9999964 9999975 9999978 9999979 87 9999944 6 9999987 9999919 8 9999926 3 9999983 36 9999926 29 65 70 54 37 9999946]
[9999919 37 33 9999952 57 7 23 98 9999967 9999967 26 30 22 71 40 43 49 90 20 9999906 41 41 9999903 9999943 9999977 9999957 48 99 9999942 86 10 9999965 37 9999932 15 9999919 9999933 9999990 9999899 7 9999922 9999909 79 12 9999929 91 91 92 9999929 10 94 9999957 9999977 9999974 9999914 26 1 91 68 9999936 9999902 9999932 38 9999988 9999963 9999969 9999915 41 9999995 9999901 9999989 95 9999921 9999901 9999914 71 9999955 9999903 9999975 43 74 54 9999998 9999937 91 65 84 9999929 3 9999956 9999984 9999979 21 9999967 82 62 43 9999966 9999914 83]
[9999964 21 87 9999951 9999905 9999907 29 9999970 86 86 42 9999956 20 27 9999943 9999962 94 44 54 9999910 25 16 9999963 9999924 30 9999939 9999947 91 49 79 9999950 9999997 9999948 9999971 9999966 71 86 9999990 9999900 49 9999976 95 35 31 14 84 9999912 87 90 66 9999933 9999932 9999948 30 55 48 9999974 67 9999963 9999956 5 9999977 37 9999956 88 9999976 9999995 40 65 9999984 74 92 87 9999949 22 14 84 9999966 9999922 6 4 9999970 84 53 9999954 9999909 55 65 21 9999924 51 9 9999913 9999989 9999976 31 9999993 9999918 98 49]
[64 10 9999972 9999980 9999979 9999946 70 9999995 9999944 24 29 9999908 9999977 80 97 9999950 53 9999953 58 9999926 9999960 1 9999931 86 9999987 9999906 36 9999928 9999973 9999964 92 9999974 9999921 34 9999990 18 9999943 9999968 73 9999922 58 93 37 8 9999961 9999910 9999919 9999921 74 9999995 9999939 67 9999978 27 18 9999998 9999940 9999979 56 68 52 9999937 83 44 9999933 9999953 75 86 17 47 76 3 9 79 90 9999934 96 5 85 9999923 9999988 70 9999937 4 90 9999917 9999913 13 9999932 9999933 9999902 14 9999956 54 9999933 9999952 9999988 68 61 9999950]
[9999995 39 9999975 34 9999991 60 9999963 32 9999988 58 27 9999969 9999944 9999905 29 9999914 52 9999971 6 13 9999956 9999973 88 56 9999965 13 0 88 9999982 50 9999906 9 9999936 73 9999921 9999909 9999957 9999942 38 9999984 9999964 43 18 30 17 9999967 9999926 53 17 23 9999966 9999950 9999975 14 7 9999996 9999964 94 46 9999928 5 9999966 9999984 9999954 9999985 31 10 9999942 9999997 9999903 76 96 11 52 9999972 9999964 36 18 23 82 9999951 7 9999996 9999979 9999934 9999970 9999955 68 9999914 4 68 9999908 9999943 9999948 9999952 9999913 9999950 45 9999961 9999975]
[9999972 67 84 9999959 9999950 56 99 9999938 44 9999951 26 9999929 92 9999971 6 80 9999993 48 9999970 9999934 53 9999900 64 9999996 9999907 9999915 27 9999976 9999975 9999973 37 9999924 9999939 9999903 49 9999948 9999933 9999924 62 70 9999954 9999937 47 9999957 9999902 99 50 74 21 76 26 9999983 9999975 32 62 82 24 14 94 9999906 94 9999958 9999972 6 7 7 9999945 9999925 9999962 9999994 33 9999992 70 14 9999902 29 9999993 82 63 4 20 9999900 85 17 9999976 9999951 9999945 9999995 9999994 79 82 9999928 9999932 57 9999938 9999918 88 12 9999956 54]
[16 44 38 40 82 56 72 9999917 9999995 11 10 96 3 2 52 9999911 42 9999994 66 9999956 9999935 9999953 37 16 27 84 9999919 9999965 9999915 60 9999920 9999901 98 9999920 3 98 9999959 9999955 9999955 9999992 43 9999915 9999946 13 86 9999995 9999953 9999912 9999903 40 50 69 39 41 6 9999938 53 32 9999922 9999922 27 9999941 68 9999917 2 43 15 48 45 9999924 4 9999908 9999989 49 9999945 11 3 9999900 14 94 52 94 57 1 94 54 1 40 9999995 21 7 9999967 9999963 9999965 9999994 9999908 61 43 9999903 9999914]
[49 71 9999960 9999954 9999925 9999950 54 9999991 74 48 9999902 45 74 9999958 68 9999998 2 9999914 76 9999963 9999936 4 58 9999997 9999933 92 9999947 9999934 9999993 74 9999925 59 9999926 9999927 91 9999985 9999926 75 17 46 38 9999906 72 28 56 50 9999935 18 79 67 9999905 9999909 5 85 9999948 69 9999930 9999942 96 9999997 58 10 9999985 9999997 9999957 9999954 9999955 85 9999952 9999990 9999913 9999936 88 62 67 68 9999906 69 9999986 65 9999978 9999938 9999975 49 28 9999965 94 9999918 9999985 9999947 34 44 60 9999919 19 82 76 9999992 50 20]
[9999905 9999982 56 9999950 9999969 85 9999930 62 9999921 9999920 20 60 9999970 54 9999965 9999936 9999917 45 9999917 9999997 9999984 91 9999921 56 71 9999970 73 9999956 56 40 66 63 20 9999982 9999929 9999978 49 88 9999942 9999941 9999993 9999916 9999928 1 9999957 9999925 44 93 9999948 17 55 9999946 9999981 82 9999900 50 9999914 9999967 9999914 9999980 45 9999915 74 58 41 9999952 54 9999932 9999925 71 49 9999905 11 82 11 9999943 9999904 9999918 96 9999903 9999938 59 62 9999915 27 76 9999932 9999900 9999919 8 72 9999962 9999908 58 9999998 11 17 77 9999932 44]
[9999973 72 87 26 9999928 9999956 85 9999927 4 31 9999911 67 87 9999916 35 39 25 26 51 66 9999960 9999959 9999914 9999904 9999943 46 9999984 17 9999933 9999899 34 54 9999962 89 79 71 9999996 71 41 63 9999977 32 46 28 9999903 78 69 33 4 57 24 66 9999974 9999962 30 9999934 92 9999959 54 9999986 16 9999915 9999970 9999912 7 64 6 68 9999943 49 9999908 9999983 9999900 9999954 9999934 9999979 89 59 9999908 69 9999986 9999937 87 9999933 9999980 79 9999916 51 9999937 9999970 30 61 9999910 9999983 9999969 3 9999996 9999953 9999991 9999969]
[9999981 9999973 9999990 69 33 10 3 9999966 9999931 9999993 21 12 9999905 9999963 83 9999991 5 58 9999920 60 8 9999921 9999964 79 9999992 9999976 88 20 9999899 15 88 9999904 9999991 91 9999922 60 9999996 9999973 9999956 15 63 66 34 9999918 18 57 17 88 9999923 27 9999978 9999931 75 9999933 9999995 92 84 9999929 9999991 46 56 9999970 60 32 39 86 9999949 9999942 39 89 9999978 19 49 47 9999921 9999952 4 9999990 9999970 9999974 56 9999912 2 53 9999920 7 9999975 9999966 9999966 9999988 20 9999906 9999909 9999938 72 9999936 62 6 9999924 9999916]
[9999949 9999908 9999922 9999902 41 45 9999919 9999963 71 48 47 55 9999986 22 25 9999917 12 57 69 34 9999980 18 4 10 7 86 72 12 9999908 8 53 9999956 9999912 51 9999959 41 9999967 9999906 9999976 9999975 83 9999965 9999932 9999951 9999912 56 9999903 0 9999990 3 48 40 9999981 9999960 9999998 28 9999953 9999949 9999968 64 48 49 40 20 9999972 9999918 9999998 2 9999951 9999984 9999968 9999945 9999989 9999940 9999933 56 56 9999928 62 96 9999935 9999980 9999989 9999914 9999960 83 9999941 88 9999922 13 75 58 46 9999965 9999911 27 19 95 9999982 20]
[0 9999941 95 51 25 21 74 27 9999945 9999961 72 18 9999909 68 9999929 9999986 75 9999939 6 9999986 30 99 89 9999899 9999917 93 78 79 37 72 77 93 9999933 43 9999978 57 9999936 9999933 27 16 10 9999963 62 62 9999957 30 9999943 45 50 9999971 9999991 92 9999910 21 84 9999940 9999978 50 9999961 9999989 9999962 9999980 26 32 9999982 52 40 9 9999941 39 88 9999998 34 9999905 29 43 75 1 99 45 27 9999905 9999940 9999934 9999952 6 9999937 93 34 5 97 9999937 9999969 28 9999929 9999949 53 9999979 14 9999926]
[24 9999982 9999989 98 31 9999969 9999992 9999920 9999904 9999970 69 9999912 9999915 9999986 88 9999948 66 19 9999978 60 9999973 63 9999959 9999928 9999973 87 9999948 9999919 9999909 87 9999967 9999955 30 9999910 33 96 10 11 9999930 9999986 9999989 3 56 19 4 9999906 77 9999903 9999984 9999978 81 9999923 9999921 19 9999910 9999972 99 54 72 80 81 50 14 51 71 88 51 89 91 22 40 26 46 94 8 27 9999943 9999950 9999905 7 9999962 9999915 9999929 32 9999958 25 9999975 9999944 9999974 88 50 9999927 9999986 9999918 9999931 8 9999979 9999978 69 81]
[9999924 5 65 9999911 9999912 56 0 9999904 9999958 9999912 9999936 15 9999950 48 39 57 9999981 74 97 9999997 72 76 9999902 29 7 21 82 9999922 9999911 9999901 66 9999948 9999977 9999993 94 47 9999994 2 9999907 9999948 9999932 9999987 51 9999995 9999944 9999951 54 9999988 51 9999969 9999988 23 9999960 51 9999928 46 9999938 9999984 9999907 17 49 60 9999998 9999983 9999920 74 9999938 9999969 9999925 9999946 9999994 9999975 9999956 74 66 64 9999900 9999906 9999950 54 40 43 88 9999971 9999969 52 9999954 15 23 9999943 9999908 4 9999969 68 93 13 9999958 9999905 9999909 0]
[24 9999925 9999951 23 9999948 33 30 46 28 87 67 9999941 1 9999935 9999966 9999963 9999966 9999923 9999919 5 9999905 9999947 9999919 9999985 9999901 3 59 41 51 9999917 9999958 84 88 97 9999970 9999944 9999954 93 9999958 62 81 4 9999991 9999971 9999945 57 9999982 77 9999952 9999935 17 8 52 9999903 81 82 52 70 9999934 68 63 9999973 31 22 9999949 9999903 9999902 9999912 93 9999928 9999931 9999927 32 38 9999947 9999944 9999920 9999983 9999910 43 9999965 39 46 18 7 72 9999941 92 82 82 78 9999980 9999984 85 9999952 9999951 9999945 9999968 9999908 13]
[71 9999935 9999922 68 9999918 9999938 8 9999991 9999997 9999979 9999907 98 9999968 9999938 44 9999962 9999969 9999921 62 75 37 9999945 78 56 9999929 9999950 9999983 9999922 9999953 61 9999945 9999987 39 32 65 44 1 9999936 9999965 9999930 21 54 43 9999969 9999932 9999950 9999952 9999901 89 9999904 9999914 9999906 14 3 9999910 9999939 7 9999904 9999908 37 9999986 9999941 21 20 9999971 9999997 7 77 9999912 9999990 9999967 3 9999903 9999993 26 9999992 16 9999934 64 9999971 16 9999988 9999963 28 93 33 9999998 9999915 9999995 45 76 9999919 9999932 89 36 9999916 9999967 23 9999983 12]
[28 20 49 9999937 34 41 67 41 90 9999899 9999974 9999933 9999917 32 18 9999904 92 9999944 94 2 95 26 9999964 9999916 19 91 9999968 9999933 9 9999987 9999936 9999925 9999936 9999902 48 9999900 25 9999982 48 9 9999941 9999973 9999899 9999974 9999943 9999940 18 9999998 21 94 9999967 9999912 41 23 9999944 38 97 9999926 9999940 9999986 46 67 9999938 9999962 43 84 9999904 9999946 5 9999952 52 9999956 0 25 9999997 36 23 9999928 82 9999921 88 9999997 52 71 22 9999924 99 9999929 9999991 9999939 9999942 9999920 9999949 9999940 77 42 9999924 70 9999981 9999907]
[11 9999899 10 9999997 3 9999998 9999960 73 9999976 9999926 40 9999924 53 9999953 9999927 9999899 20 40 9999902 9999968 9999904 9999986 9999981 9999942 9999958 9999961 83 43 57 9999924 18 24 9999915 9999929 9999923 25 11 9999942 9999981 9999970 9999926 9999907 9999941 50 9999940 9999954 51 9999946 86 9999923 64 9999959 21 48 31 28 9999949 9999924 68 9999981 60 81 9 50 9999899 9999904 22 71 9999975 92 9999963 36 97 28 30 20 9999921 55 9999964 9999952 9999915 9999917 35 88 9999985 0 45 36 52 9999968 9999944 9999918 9999929 56 82 9999935 33 9999974 9999902 16]
[70 9999918 9999985 28 43 75 9999928 9999963 57 44 75 62 91 47 9999926 9999932 9999940 89 94 99 9999973 77 14 9999957 41 9999985 9999950 9999930 20 9999948 18 40 57 19 9999983 56 80 9999986 9999908 9999994 27 9999972 9999981 82 8 10 97 9999931 9999972 9999923 46 9999930 70 82 26 61 9999930 9999913 81 51 28 34 9999925 9999914 30 45 6 77 9999964 29 9999907 9999967 9 9999963 9999991 9999919 26 28 9999979 64 9999976 84 9999902 9999979 36 1 9999938 9999964 7 25 9999965 9999986 78 9999996 9999919 99 9999942 9999985 29 9999961]
[9999918 92 9999944 79 9999963 79 9999978 9999995 12 91 9999977 44 29 9999989 9999952 9999902 8 9999962 24 22 13 9999913 65 96 9999900 83 9999915 35 10 9999919 56 67 10 84 9999919 9999996 9999979 9999952 9999953 9999918 38 51 9999996 49 9999936 91 57 9999940 9999969 9999984 9999938 99 27 9999980 85 9999985 65 4 95 9999929 43 92 5 9999931 91 67 81 42 9999986 32 9999969 41 9999908 9999979 9999905 9999919 84 57 87 9999951 9999955 9999994 9999921 15 9999902 9999978 6 9999998 9999988 9999982 91 5 9999946 9999956 9999904 6 9999923 43 9999968 9999907]
[9999995 95 9999996 9999945 9999928 65 9999928 9999915 9999913 9999939 9999917 47 36 9999921 9999922 9999900 9999937 92 16 82 4 9999905 9999949 9999915 9999905 9999993 34 9999930 77 9999911 9999911 9999966 9999962 33 9999963 98 18 13 9999948 56 88 9999961 22 9999910 83 40 9999940 9999945 9 86 9999950 9999905 9999934 9999998 9999997 38 9999912 83 71 9999981 9999985 9999948 26 22 9999984 9999979 95 26 9999912 9999926 99 69 52 9999980 9999953 9999935 9999956 9999954 9999945 9999976 9999955 37 49 9999912 9999981 17 22 9999927 87 9999904 1 9999899 9999979 9999902 65 9999985 71 98 9999923 9999928]
[9999954 9999970 8 34 69 9999936 9999901 9999938 9999994 42 38 42 9999945 46 9999976 9999928 9999991 9999912 40 89 9999973 61 9999921 9999932 9999982 9999943 9999988 9999967 9999937 9999926 9999951 86 28 25 99 76 9999919 9999945 9999986 89 9999978 9999998 9999917 92 9999939 9999971 52 9999992 9999907 35 9999911 9999957 9999903 14 9999986 9999957 9999937 9999944 9999917 88 41 7 59 71 1 9999988 26 9999934 9999917 9999995 9999901 60 9999983 72 9999981 3 9999969 39 9999933 83 62 9999992 9999963 9999962 9999960 16 54 82 9999966 9999971 73 14 63 92 9999926 85 9999939 9999956 32 93]
[9999961 9999940 9999995 34 9999989 55 9999902 74 6 7 9999995 67 36 77 45 6 77 91 64 4 22 9999932 89 9999995 32 89 99 69 75 97 9999991 18 9999915 9999991 9999974 50 54 9999943 9999974 47 12 9999923 53 4 9999942 9999952 9999978 59 9 24 9999991 70 9999904 23 79 9999910 21 40 9999990 54 51 62 42 9999928 56 25 9999981 67 21 9999985 9999953 9999971 95 44 9999973 54 60 9999991 94 9999949 9999913 9999947 9999976 9999952 92 9999944 23 9999990 70 9999945 8 9999924 9999992 9999955 91 9999973 9999989 9999963 9999952 9999923]
[50 9999931 9999925 9999908 11 9999932 33 49 48 29 9999942 9999964 9999902 9999944 55 9999993 55 88 9999991 92 9999949 36 53 69 9999952 9999912 67 9999959 9999966 75 9999939 9999956 9999926 89 9999902 26 9999929 9999941 82 40 9999900 21 9999984 90 84 9999923 9999914 9999935 15 55 25 9999905 9999908 9999902 9999953 4 56 9999931 9999970 17 5 99 9999956 69 9999905 20 9999967 97 9999908 51 9999982 9999987 9999923 9999909 66 56 9999967 40 9999933 9999984 72 9999937 64 89 22 9999967 88 56 99 9999977 9999965 11 9999938 9999971 9999920 9999905 42 9999963 55 67]
[9999992 9999963 93 1 9999929 9999977 9999909 77 9999980 35 93 9999949 45 68 67 59 69 55 6 9999953 68 9999966 9999983 34 14 36 9999918 28 9999958 72 9999956 9999948 26 9999900 9999984 9999917 9999952 61 9999950 9999974 9999929 9999906 9999966 95 93 27 9999984 9999931 9999963 37 99 12 23 40 9999905 9999992 9999987 9999910 58 9999973 26 9999992 9999908 9999932 29 9999917 9999993 9999924 63 9999919 54 9999919 74 65 9999951 9999930 9999953 89 9999945 9999934 9999948 18 9999997 22 69 51 9999974 59 9999908 9999964 50 75 9999991 9999984 77 31 9999921 9999918 67 9999937]
[89 22 0 9999993 9999972 9999933 0 9999916 2 20 66 9999980 8 9999942 9999911 65 24 54 9999916 9999946 9999906 9999938 23 9999899 9999992 9999931 9999989 9999978 9999966 9999945 9999924 18 9999905 17 62 9999972 9999919 92 9999952 0 67 11 9999983 9999991 9999934 9999917 68 9999949 9999923 9999978 9999988 9999956 9999961 49 98 10 15 60 9999949 9999917 9999973 9999930 28 9999917 87 17 89 75 9999902 49 77 77 40 85 63 9999986 46 9999984 41 9999947 16 9999989 96 31 87 9999987 9999936 9999987 19 37 9999966 83 42 9999927 65 9999983 9999929 9999923 46 46]
[9999956 75 22 9999908 80 9999962 72 61 60 9999930 77 21 9999962 87 20 21 17 18 79 9999900 39 9999939 9999982 9999994 79 4 9999974 99 16 32 9999994 9999931 22 9999926 9999904 62 9999916 21 9999914 49 84 40 40 2 9999966 57 9999959 33 25 16 44 9999960 9999985 9999942 13 9999908 9999937 80 9999904 50 85 9999979 24 9999953 15 74 9999996 9999972 27 18 45 98 65 9999904 9999954 9999980 29 9999964 48 78 32 62 9999926 9999980 27 9999948 8 14 9999952 9999947 60 16 9999940 46 9999904 9999938 9999964 9999977 39 9999944]
[2 26 9999981 9999940 12 63 9999987 9999979 41 9999993 9999992 7 9999937 9999996 53 52 52 9999927 9999952 23 9999939 9999973 38 9999964 9999914 9999985 31 9999928 67 72 25 9999918 78 44 9999995 67 9999956 9999910 9999970 7 76 27 60 9999907 96 22 51 92 9999963 17 9999977 9999964 34 0 9999989 51 2 9999930 34 9999979 5 98 52 9999948 87 55 9999963 9999985 13 4 9999994 9999905 97 38 55 9999993 9999915 4 37 34 30 9999973 9999960 57 58 66 9999981 83 9999942 14 21 9999925 29 80 15 30 9999946 9999906 9999938 9999899]
[47 67 97 26 57 9999947 35 9999914 9999929 34 33 9999951 9999993 9999908 9999941 17 9999973 9999926 71 55 9999994 1 4 29 9999929 9999970 9999908 29 56 9999964 9999953 9999959 11 9999995 56 9999995 72 10 59 53 9999961 9999899 1 9999923 90 9999932 9999941 20 53 9999945 98 91 9999960 9999967 77 9999992 10 9999998 9999957 9999945 9999940 76 9999968 4 9999977 94 25 9999944 9999961 9999962 15 24 9999901 0 9999970 9999901 43 9999979 9999942 33 33 9999918 9999947 9999973 9999976 9999971 9999935 27 87 72 75 9999927 72 9999902 49 17 9999996 9999966 9999994 9999932]
[50 9999915 53 27 46 9999929 9999930 9999926 9999992 9999959 74 9999899 83 9999977 9999966 9999964 9999940 9999963 74 12 72 87 39 61 38 64 9999997 91 9999940 39 18 9999988 75 86 81 70 9999991 55 9999924 9999903 34 9999913 9999963 9999966 98 80 69 46 35 22 9999928 82 18 21 9999948 46 68 83 9999929 8 9999971 71 14 9999955 99 9999956 9999971 57 26 65 9999975 9999949 9999992 9999993 24 74 9999986 9999941 39 9999939 39 3 17 42 79 7 62 3 73 60 14 9999923 9999970 21 20 9999928 38 64 9999919 23]
[97 9999956 9999990 43 9999985 50 64 9999977 9999988 95 57 67 9999980 9999984 9999915 5 41 9999902 9999920 42 17 9999969 9999924 9999920 9999942 90 25 9999979 88 9999995 60 72 89 43 9999959 81 12 73 90 0 9999966 9999960 82 0 9999972 68 36 9999932 37 9999929 90 12 9999903 87 8 9999995 9999998 9999995 18 9999914 66 60 70 9999915 35 9999918 61 45 97 9999926 9999921 9999939 78 9999907 9999990 78 72 9999908 9999991 9999984 31 9999991 9999944 64 96 44 9999996 68 9999973 9999970 9999994 37 78 59 40 9999908 9999917 9999970 55 55]
[48 9999945 9999969 9999955 93 96 9999949 9999906 71 81 89 9999972 9999922 9999907 26 63 31 9999906 5 85 9999938 9999980 9999970 9999921 9999929 9999962 9999907 53 9999931 65 9999987 54 65 79 9999899 9999937 9999969 29 95 95 27 9999922 9999921 38 9999922 17 75 50 9999947 69 9999948 9999926 9999916 43 9999985 9999917 79 9999920 9999942 9999950 38 9999937 9999909 9999972 47 84 9999915 98 9999920 9999903 41 9999923 50 1 42 72 9999903 9999919 4 9999953 9999980 17 9999996 9999926 81 9999907 5 9999928 9999946 9999927 9999979 9999959 9999967 9999942 9999914 9999936 9999989 9999917 9999979 79]
[9999926 1 9999983 9999948 19 9999971 9999954 36 37 72 9999911 9999920 97 9999974 9999956 9999917 79 9999903 79 88 9999990 82 87 59 9999900 87 9999930 96 51 68 91 9999993 9999962 44 9999902 9999964 9999965 91 27 9999990 9999924 9999995 69 9999945 14 13 9999952 9999979 26 76 52 77 55 49 9999982 68 49 18 92 9999942 9999938 9999981 3 9999936 9999974 9999992 64 9999927 56 9999937 9999939 9999968 9999928 9999963 1 1 9999978 51 9999956 9999926 90 9999946 57 9999938 9999975 9999965 9999943 62 25 67 78 16 9999986 9999934 68 41 27 9999975 2 54]
[43 9999913 63 9999997 9999947 9999953 9999913 9999901 65 70 9999985 9999980 64 9999928 9999996 88 9999921 79 64 78 9999913 9999935 9999937 9999929 9999968 21 9999900 9999948 59 9999922 9999958 49 13 16 9999931 9999908 30 9999929 9999960 23 9999948 37 82 68 71 12 9999997 9999965 69 66 9999935 9999982 9999914 90 9999909 6 9999977 39 1 9999922 55 5 9999978 9999909 47 9999949 64 53 9999987 9999906 9999983 21 60 37 9999945 10 55 54 57 75 23 9999992 1 9999945 9999973 9999953 9999919 44 96 28 14 95 80 19 9999957 9999982 3 23 45 9999977]
[41 9999997 9999974 9999990 66 88 9999989 9999934 9999921 65 9999906 9999959 9999931 9999974 9999935 9999970 98 94 70 87 9999913 77 65 9999949 53 30 9999958 31 47 9999914 66 30 43 9999958 75 9999990 96 45 3 90 9999951 18 9999993 9999923 78 5 9999947 20 56 66 1 70 9999978 37 83 9999997 66 46 46 9999939 90 9999932 9999987 92 9999949 10 81 45 35 29 9999993 9999953 61 43 9999956 9999973 20 7 25 9999944 9999956 9999983 9999992 80 26 12 67 77 9999997 71 9999903 9999996 58 9999981 74 50 81 9999926 9999911 11]
[9999921 9999910 9999990 10 72 39 22 9999917 9999943 27 30 9999904 98 9999914 9999968 48 20 29 9999973 34 9999976 9999968 9999940 94 9999941 9999909 9999911 9999940 66 9999951 38 65 9999935 9999904 34 9999910 9999915 30 9999935 10 9999910 29 9999974 84 9999944 85 96 62 37 9999935 95 26 9999988 43 9999943 11 9999993 9999943 31 19 26 9999982 16 9999932 9999951 9999934 3 11 9999940 9999982 9999970 19 9999904 84 99 9999911 9999980 64 17 9999946 9999927 9999928 9999933 99 9999911 45 68 9999967 68 68 35 9999977 9999993 9999942 11 93 9999974 73 9999917 22]
[36 51 9999980 60 9999944 81 9999945 9999908 53 9999988 78 9999913 26 9999963 63 53 9999907 23 35 9999986 9999945 52 9999940 40 78 77 9999948 60 9999978 9999935 20 9999921 81 9999959 9999979 75 64 9999957 9999956 66 56 9999931 55 96 9999914 9999918 40 0 9999901 9999936 9999988 9999979 62 9999970 9999939 9999931 81 9999943 11 40 35 9 9999906 9999993 19 33 32 9999988 9999967 9999931 59 79 9999960 9999953 9999915 86 47 74 87 9999901 9999983 9999941 34 9999899 9999989 74 9999986 36 9999959 68 16 9999900 9999946 9999989 89 9999900 11 9999909 9999930 9999914]
[9999933 9999938 9999926 9999951 90 9999989 9999989 29 83 9999918 9999954 9999974 94 94 9999980 9999980 9999908 17 9999992 9999938 14 9999899 9999987 79 9999977 9999946 9999912 9999981 9999953 82 9999932 55 0 9999951 84 9999932 9999929 9999956 9999990 99 70 56 76 9999921 9999980 9999976 9999980 38 9999937 69 9999987 52 42 37 9999909 21 9999910 99 9999929 9999913 9999971 9999901 30 30 9999957 89 29 9999945 72 87 70 83 9999982 9999968 35 9999992 68 9999973 64 9999935 9999950 31 69 9999987 95 9999961 9999963 2 9999933 9999980 66 56 61 12 88 9999943 9999908 9999981 9999936 9999978]
[4 67 14 18 9999940 1 5 59 6 36 9999982 9999947 9999909 14 29 9999975 97 9999974 9999911 39 26 9999978 17 9999963 65 97 9999946 9999942 38 9999939 32 9999996 9999917 12 68 21 9999907 9999962 36 5 57 81 80 46 76 39 9999981 66 3 16 94 20 88 9999943 41 31 9999971 26 80 19 55 86 46 69 5 9999988 9999952 0 48 79 9999903 42 9999946 75 9999909 77 21 9999989 9999921 9999925 99 9999943 9999983 54 61 9999987 11 9999967 75 9999983 97 9999932 24 9999929 9 9999952 8 12 65 73]
[36 43 9999900 65 9999997 81 13 62 9999985 33 9999920 9999920 99 43 83 45 9999966 15 32 64 39 9999948 9999900 65 9999961 56 9999924 63 9999933 36 9999948 9999966 39 9999909 9999986 6 64 4 9999933 67 9999911 7 41 54 46 45 83 9999925 9999907 70 7 9999968 9999968 55 65 51 9999931 9999980 33 9999983 1 9999972 2 9999952 9999940 9999932 9999974 9999947 9999947 5 44 9999996 5 9999964 9999963 26 9999931 9999994 9999964 9999963 39 9 9999914 9999957 9999908 83 9999960 9999984 57 38 9999988 89 3 9999920 9999984 9999912 9999936 9999926 89 9999942]
[9999909 63 85 92 55 72 9999955 9999996 9 25 9999977 9999972 9999966 77 59 15 9999902 9999965 9999908 58 33 9999944 25 47 10 9999937 9999955 9999909 68 9999903 11 26 9999909 43 9999936 1 5 29 9999995 14 9999977 9999951 70 13 82 9999983 9999907 9999962 9999968 66 9999957 31 55 9999929 49 9999914 9999988 9999945 9999930 9999993 9999918 9999976 9999906 9999938 9999927 11 9999978 9999988 50 9999910 9999937 9999941 9999972 49 9999963 9999915 96 9999968 9999997 19 9999915 9999946 9999935 55 9999987 82 9999922 72 9999975 9999960 14 57 9999978 95 9999910 1 9999916 16 9999981 9999954]
[9999969 53 9999971 64 9999941 9999899 9999930 13 9999940 96 9999975 56 9999950 9999908 9999981 9999947 9999969 9999900 9999977 9999900 46 9999935 0 43 51 17 9999979 67 73 9999950 4 0 21 9999908 9999959 55 9999972 9999950 47 25 57 9999939 9999943 92 9999902 9999916 76 9999972 9999942 59 71 7 68 9999923 9999900 9999925 9999992 52 9999978 9999972 9999998 43 45 9999947 9999917 9999953 9999939 9999907 99 11 17 12 97 24 93 14 9999979 72 61 4 9999906 9999979 9999934 26 0 58 9999956 2 9999990 9999947 72 9999997 71 9999963 47 9999985 60 9999980 9999997 9999959]
[67 9999917 9999941 9999958 44 9999963 9999965 82 5 9999911 9999942 79 5 9999954 9999926 34 9999921 9999991 9999938 9999945 14 9999949 71 9999946 9999992 9999951 74 68 9999944 99 9999918 9999917 9999963 47 57 28 15 23 50 6 3 37 84 23 9999988 9999919 33 49 6 9999920 9999923 9999976 60 67 70 9999942 9999979 9999930 9999966 9999975 9999948 9999914 73 9999918 9999940 9999925 20 9999911 91 9999959 9999967 25 9999987 9999900 9999971 14 9999915 9999978 20 29 55 47 54 9999956 69 9999949 56 9999980 9999998 9999930 9999941 9999996 20 9999942 81 51 82 95 9999935 9999957]
[9999949 9999958 18 9999978 24 9999917 9999967 9999994 9999985 83 36 9999968 9999946 9999993 69 22 9999963 9999998 9999977 2 39 11 73 9999953 9999932 9999972 9999956 87 69 40 46 9999974 9999965 9999988 9999899 9999939 9999932 38 9999982 9999975 9999944 89 40 68 98 9999950 9999941 43 32 9999922 9999956 9999963 95 87 9999941 9999902 9999976 42 44 9999914 9999989 80 12 9999946 9999952 90 9999901 9999975 9999989 86 9999919 43 60 9999946 9999984 64 9999980 9999947 21 9999931 9999935 4 88 17 87 9999924 22 85 9999907 9999944 9999947 34 9999954 9999983 9999946 72 85 9999974 95 9999939]
[44 96 68 86 9999953 9999988 71 8 9999952 9999920 5 9999967 88 9999902 2 9999987 46 87 9999957 22 9999950 9999949 9999913 70 9999991 9999937 9999967 9999907 59 9999928 9999998 45 56 9999950 55 9999972 9999998 76 42 9999903 20 22 9999992 9999944 99 9999964 9999944 9999964 92 9999927 9999931 32 9999901 10 9999983 36 75 44 29 32 9999956 34 23 34 9999952 30 60 23 1 9999952 9999936 9999982 9999913 9999946 9999997 9999984 35 14 9999946 9999985 46 9999900 9999979 9999914 9999919 9999992 9999936 9999913 39 22 9999975 9999987 3 9999946 5 7 9999961 9999909 64 69]
[9999993 9999922 9999918 9999937 34 79 9999914 44 9999954 9999925 4 54 60 75 9999983 9999978 9999994 9999952 67 61 9999962 13 13 9999964 9999933 9999957 9999968 18 9999939 9999984 9999998 93 2 86 87 90 29 9999971 9999944 9999910 9999974 9999913 9999917 9999938 9999943 9999940 9999993 9999941 9999926 51 9999989 56 75 34 66 9999948 0 12 9999913 9999921 25 9999998 52 69 9999983 9999907 9999904 9999991 77 92 57 61 5 9999903 9999972 9999976 5 19 9999920 62 16 9999980 9999993 89 9999949 77 36 9999977 99 71 52 53 9999996 64 49 9999944 21 9999983 54 9999933]
[86 94 9999938 37 4 47 9999979 47 54 9999991 9999990 23 9999906 9999908 18 60 58 3 9999989 9999945 9999943 73 9999966 9999967 97 18 92 59 9999923 9999939 9999933 9999987 9999901 10 86 9999970 53 14 9999994 31 73 85 9999963 9999906 9999920 65 9999936 70 21 2 9999911 8 7 9999934 59 9999965 3 9999950 9999986 9999965 79 6 9999969 43 85 9999957 76 9999954 9999952 9999943 9999925 53 9999904 65 28 97 9999983 65 9999926 9999945 29 9999969 25 64 74 34 9999920 9999914 36 9999929 52 75 97 31 9999982 9999971 9999957 9999971 9999997 9999900]
[36 9999930 19 39 92 9999938 9999958 13 9999988 78 77 9999987 9999942 9999908 90 95 9999935 9999899 9999984 9999909 9999993 9999962 9999974 9999956 9999903 9999933 91 28 28 37 9999950 71 44 9999905 9999959 35 9999918 9999982 8 9999955 77 95 9999979 87 66 81 12 9999912 9999949 9999936 0 81 9999967 9999978 9999994 9999998 9999967 9999967 35 75 54 9999976 9999913 21 9999931 9999953 97 9999937 9999943 9999955 9999976 9999965 9999926 9999939 9999914 9999910 9999946 87 9999953 9999966 9999922 9999904 38 9999960 20 9999928 13 9999913 8 4 88 0 18 23 71 9999947 9999900 18 43 16]
[25 33 9999963 7 9999974 30 38 9999979 9999918 9999915 14 77 71 9999983 9999950 45 9999926 75 97 70 18 9999976 9999993 9999994 9999963 9999925 9999937 42 17 53 58 9999976 9999912 50 18 9999973 9999986 11 89 54 34 53 94 50 11 24 9999916 9999986 9999935 9999914 72 9999944 92 9999987 9999966 87 9999908 9999978 34 9999905 3 9999944 9999906 65 79 33 9999960 9999911 9999957 9999944 42 9999907 9999980 42 52 59 9999934 97 9999923 98 61 9999970 23 52 15 17 9999933 9999901 9999978 58 9999928 9999924 9999946 9999965 9999974 9999902 9999970 9999953 9999910 71]
[16 9999969 9999970 34 9999981 9999943 49 9999948 9999905 9999939 9999925 49 9999928 77 95 68 9999988 86 81 9999899 63 16 46 68 44 9999992 9999998 50 33 9999986 9999946 9999965 9999995 52 9999948 9999902 9999976 39 30 23 46 9999957 9999926 9999997 8 9999909 24 9999917 54 66 9999927 98 60 35 60 52 4 9999955 9999926 9999936 60 9999972 9999922 9999903 35 0 9999924 66 9999971 9999942 9999917 9999975 94 9999945 72 55 9999947 9999960 56 9999957 9999906 9999946 9999910 9999957 91 9999904 9999982 9999938 9999965 9999970 81 9999974 9999922 10 62 9999915 21 9999919 9999918 9999903]
[9999956 13 80 98 9999992 4 9999963 9999989 88 9999979 16 30 9999956 9999921 9999906 9999987 68 58 9999900 9999957 74 9999982 22 16 9999955 58 6 9999994 9999919 9999968 9999899 9999944 9999924 53 9999923 9999913 95 73 9999900 9999968 77 9999934 9999934 43 9999938 44 30 9999936 9999919 22 9999976 14 9999946 52 9999918 9999913 9999899 9999953 67 70 53 2 9999973 4 25 9999906 9999997 92 9999934 65 15 9999920 9999992 9999967 59 9999902 9999990 94 9999949 84 9999976 9999980 9999925 9999913 49 17 6 75 9999972 6 9999905 43 9999961 42 50 9999975 9999913 9999924 66 9999960]
[9999995 9999915 93 9999925 46 49 30 9999959 9999998 76 51 42 9999984 50 21 9999981 9999952 64 9999901 6 34 53 10 93 9999982 9999997 9999980 9999936 9999901 36 9 9999942 17 9999908 61 15 81 72 9999973 9999954 9999953 9999967 9999977 68 63 9999931 9999899 9999943 41 9999906 9999959 9999979 78 14 13 9999909 67 78 82 23 11 9999946 9999943 7 9999953 83 9999959 40 32 9999961 9999965 9999995 99 41 11 9999994 3 9999957 9999958 12 96 9999902 56 36 90 9999991 9999901 6 9999904 9999947 9999905 3 9999908 48 64 65 9999962 9999903 56 74]
[9999901 9999910 9999997 9999900 45 9999932 9999992 46 9999920 11 69 54 9999935 9999990 9999964 44 9999969 18 9999919 9999936 0 34 90 9999979 78 9999902 9999944 9999934 38 37 9999960 9999973 61 35 49 17 77 3 1 9999938 37 9999923 4 9999974 9999918 9999968 78 9999998 9999968 9999962 9999910 66 9999969 9999952 94 75 5 9999954 9999941 57 54 9999912 9999915 55 91 24 9999932 4 9999994 72 8 9999903 27 81 9999950 38 9999957 9999983 97 25 9999901 15 16 9999977 9999920 9999904 38 26 78 9999937 74 9999944 9999911 35 80 86 9999964 46 1 9999914]
[9999969 30 37 39 9999982 9999963 52 9999942 9999957 74 9999971 87 9999930 4 9999928 9999935 25 9999936 21 9999960 9999977 9999914 98 23 0 9999956 9999966 9999949 9999943 33 5 19 43 36 9999933 9999913 40 50 9999922 78 9999963 9999922 41 11 38 9999993 80 56 9999927 24 5 9999945 93 9999945 9999905 46 41 9999941 9999913 30 9999956 77 9999970 51 77 34 20 99 97 11 27 57 67 9999940 69 24 9999917 95 9999951 9999982 54 66 9999996 10 74 37 9999935 9999903 9999950 63 9999949 9999924 9999972 96 9999959 46 9999984 9999967 90 91]
[9999908 32 17 93 9999991 67 86 59 76 9999912 9999913 9999938 9999983 32 86 24 16 9999942 91 9999940 9999935 80 9999938 9999934 16 9999950 37 9999909 9999955 3 24 9999988 9999989 9999916 51 9999984 87 88 81 57 9999973 9999978 9999981 9999972 88 9999988 10 87 9999928 9999995 79 62 9999944 9999980 27 58 9999952 95 9999941 9999960 20 9999924 79 39 79 38 9999925 9999960 9999997 15 52 9999943 9999947 9999963 76 9999926 9999939 9 96 9999956 9999984 69 9999989 9999916 9999949 18 4 9999904 9999905 6 63 9999987 56 9999969 9999980 49 9999987 69 9999987 27]
[26 7 9999936 19 50 0 37 9999911 86 22 65 9999973 9999951 94 28 9999986 25 9999990 9999970 32 9999923 9999961 22 15 69 9999935 9999976 99 85 84 40 9999979 47 29 9999986 66 9999910 9999990 69 45 9999914 9999958 0 39 9999918 9999987 28 17 9999955 21 3 43 7 9999960 9999913 55 9999973 9999955 9999917 9999957 9999935 9999942 19 91 9 43 51 64 30 9999905 9999922 9999968 9999993 9999966 9999920 29 9999977 9999980 82 9999982 9999974 9999929 64 45 94 9999990 9999921 9999979 2 9999908 52 9999953 9999995 9999950 3 45 41 50 29 9999990]
[52 9999914 9999966 82 9999978 25 9999932 98 64 9999911 13 9999951 73 9999989 9999926 1 56 83 19 55 92 9999972 95 9999946 75 43 30 9999986 34 9999945 88 2 9999971 45 9999956 9999982 9999904 9999946 93 69 4 86 9999949 39 97 9999994 9999907 67 26 31 41 5 14 48 9999987 9999920 44 9999949 12 9999921 9999913 82 9999949 9999929 9999928 9999986 9999919 9999949 9999962 9999979 9999947 1 9999986 37 9999977 15 9999927 62 9999912 9999989 9999985 9999977 92 9999931 14 9999980 69 5 69 48 9999926 9999923 9999967 59 12 80 9999957 59 14 9999930]
[7 78 9999985 23 9999964 0 9999935 9999931 9999947 67 9999961 9999942 24 66 9999994 6 26 9999953 9999980 9999957 9999914 9999926 9999973 9999961 9999969 59 9999935 0 50 21 9999951 9999953 9 9999910 8 79 49 9999933 9999976 90 9999906 29 9999911 7 9999937 9999950 9999971 9999958 9999908 9999997 18 89 9999929 9999997 11 9999910 9999959 95 11 9999905 9999948 9999994 3 9999972 11 9999998 9999984 9999994 9999964 9999985 0 15 26 9999902 9999958 9999974 9999986 9999944 56 9 9999945 44 9999924 9999976 50 9999937 9999899 57 9999946 9999976 1 9999988 9999946 62 55 9999936 9999921 9999985 9999987 9999971]
[9999972 96 9999930 9999905 59 57 9999921 12 9999910 85 69 65 9999998 9999924 9999932 68 9999989 96 9999909 9999933 9999924 52 72 9999901 86 9999909 8 80 9999967 12 69 9999972 9999973 9999997 9999938 39 39 9999989 9999991 9999937 9999983 99 9999943 9999913 9999952 9999987 9999912 71 64 17 77 9999904 33 58 9999980 60 0 99 37 9999986 69 40 9999951 45 9999960 86 9999937 9999939 9999958 9999920 2 9999918 9999976 9999951 9999973 9999988 10 9999973 83 75 9999902 26 70 94 9999981 64 32 42 9999950 9999920 9999957 61 9999973 88 35 9999920 97 9999975 9999920 97]
[3 9999936 98 9999922 3 37 9999902 99 9999978 9999904 69 35 9999970 9999953 51 9999982 9999923 10 1 26 9999911 9999969 9999929 9999952 9999918 9999925 2 46 9999942 94 9999963 19 9999963 9999965 25 92 9999922 9999992 9999965 9999914 98 2 9999926 9999935 10 9999947 86 72 9999934 85 41 9999988 9999929 11 9999986 9999951 53 97 9999951 9999919 8 99 9999931 42 9999924 9999973 9999966 23 9999945 9999960 31 41 9999993 15 9999961 9999938 9999968 9999996 57 78 34 46 23 57 9999969 9999977 76 83 54 10 9999981 21 79 9999942 6 9999984 9999923 9999905 21 9999985]
[21 9999953 65 9999964 11 43 26 37 9999948 98 58 47 15 9999959 26 9999939 9999976 32 9999972 9999901 82 9999990 9999971 48 42 30 9999997 60 67 9999933 9999928 9999902 77 9999934 71 2 9999964 9999956 5 29 9999919 43 1 30 52 9999951 9999953 95 9999945 21 65 28 61 46 2 84 9999930 9999946 9999948 88 9999953 9999918 71 26 9999936 41 98 9999958 9999993 34 66 13 38 9999933 9999911 21 83 3 69 70 9999993 9999906 9999939 67 9999987 9999909 9999909 9999959 7 19 71 9999984 9999921 9999901 21 30 76 9999965 48 97]
[9999919 77 93 62 85 9999927 9999968 9999933 3 1 68 18 82 9999911 9999930 44 4 24 9999984 80 9999936 78 77 9999986 9999980 9999938 9999983 48 9999956 69 17 3 9999990 83 52 9999926 44 59 50 9999954 20 16 9999899 9999989 9999965 1 9999900 9999939 93 78 9999949 10 36 9999906 9999921 9999952 9999987 9999929 9999899 9999944 9999917 9999968 28 12 87 58 83 15 9999991 33 9999919 9999929 9999936 39 9999933 66 9999949 9999906 88 9999917 9999982 9999973 9999982 26 9999981 9999919 80 9999923 9999966 97 9999974 91 9999991 76 9999925 9999995 9999978 66 57 9999917]
[9999910 9999996 9999946 94 83 9999907 9999919 45 9999911 27 12 99 9999960 9999984 9999935 9999971 9999985 9999919 82 35 9999932 9999980 45 9999983 53 9999917 41 9999993 6 38 9999985 59 9999924 9999948 1 9999936 57 42 38 21 9999909 9999989 9999928 9999921 9999921 79 9999905 9999996 40 20 9999971 9999969 9999992 14 79 9999965 9999954 45 9999904 9999936 9999904 56 39 19 55 9999985 81 88 9999921 9999914 38 9999982 83 9999915 70 9999969 36 9999985 9 91 81 16 9999960 73 53 51 13 32 9999987 58 9999970 9999961 9999991 9999906 9999934 88 57 17 9999947 28]
[9999971 9999998 25 9999923 6 9999967 17 9999997 70 9999920 0 9999902 41 9999952 9999948 9 9999943 9999980 32 15 9999986 67 31 9999903 9999911 9999916 52 9999973 9999914 9999912 9999943 9999942 9999962 37 9999915 70 72 9999920 8 69 9999926 33 9999905 56 9999958 9999964 42 41 9999990 61 11 9999914 4 9999899 40 9999975 57 9999908 9999985 25 85 3 9999937 9999953 12 9999988 26 96 9999927 94 28 80 9999930 90 63 9999918 77 22 66 9999917 30 9999901 53 42 44 64 9999971 9999995 75 41 9999991 9999920 18 28 9999952 85 9999950 19 9999966 9999925]
[28 9999965 3 9999951 52 9999973 9999910 9999960 9999985 25 18 74 9999900 9999957 16 9999915 92 9999937 2 9999953 14 9999916 82 9999912 94 9999921 92 7 83 9999993 9999914 9999993 45 88 87 9999956 91 9999916 9999987 62 9999912 9999917 9999921 47 9999983 39 9999941 22 20 28 9999964 9999933 27 71 67 9999905 9999919 9999994 9999998 38 83 9999978 3 80 9999949 25 9999929 12 9999976 9999956 33 2 9999954 9999945 9999928 26 76 25 88 78 2 9999995 22 41 15 9999907 9999918 96 9999986 9999977 9999901 8 1 35 9999964 9999958 55 9999952 9999919 48]
[6 13 85 73 77 47 89 33 9999946 9999958 9999966 9999911 9999954 30 49 0 9999907 9999988 0 4 59 95 9999930 9999978 9999958 9999978 9999980 5 9999899 78 23 98 22 9999975 5 72 9999957 9999946 82 9999908 12 9999930 91 9999944 9999960 9999991 14 21 9999937 63 26 9999925 33 9999960 9999983 33 64 33 89 0 9999942 9999949 80 89 36 9999926 9999907 9999921 9999954 34 9999974 9999972 9999921 6 9999903 2 9999923 9999913 62 9999907 79 9999965 51 9999982 9999994 2 9999934 98 16 9999980 9999990 30 60 9999979 8 66 57 54 9999912 9999973]
[9999902 9999982 9999933 9999940 9999902 9999956 9999954 8 97 55 16 10 79 75 86 16 75 9999900 9999907 30 36 9999951 65 9999956 9999926 89 47 38 30 9999957 9999916 9999978 9999925 9999924 9999964 9999922 80 43 9999932 9999938 29 9999926 99 2 31 81 68 9999923 91 7 9999963 15 11 9999944 4 20 69 23 1 94 9999986 9999906 32 9999987 9999958 9999938 39 9999933 1 9999946 9999904 35 24 24 97 9999952 9999929 82 30 9999930 9999987 9999972 9999942 2 9999927 9999924 15 50 66 79 41 73 86 9999925 90 9999946 1 9999928 9999909 71]
[20 63 9999944 62 9999952 9999960 5 9999997 9999963 89 16 8 9999962 18 9999962 94 88 9999923 59 85 16 9999998 50 9999917 5 99 66 29 9999985 3 83 6 9999950 6 9999921 82 66 9999945 9999933 9999984 9999910 42 9999901 65 74 9999925 7 9999913 9999902 9999961 38 78 72 41 9999958 43 25 9999940 9999906 96 30 58 74 52 9999927 56 9999935 94 9999974 47 9999981 9999912 9999966 9999959 9999947 9999974 9999933 9999951 9999935 49 55 9999924 9999939 9999935 69 9999903 26 9999918 73 9999974 9999962 9999990 9999942 9999943 9999951 9999903 21 9999914 9999985 19]
[67 33 34 11 9999901 9999913 9999998 9999955 99 32 38 9999917 50 9999923 9999993 9999979 9999918 9999937 9999942 31 18 9999927 9999941 9999926 9999908 17 44 52 76 9999927 34 85 79 23 9999958 60 9999941 9999932 9999974 10 9999937 9999967 9999933 9999934 36 9999993 74 9999933 9999933 9999926 9999936 9999924 9999992 9999963 43 9999920 9999958 9999938 48 9999989 53 9999967 75 75 71 9999976 82 9999908 9999956 89 50 72 7 98 39 67 9999998 9999986 9999900 9999969 9999906 9999971 98 9999995 25 9999907 9999922 85 9999946 49 9999918 54 40 9999941 79 9999932 9999932 76 94 9999959]
[9999922 9999998 40 59 9999901 9999928 9999964 9999974 79 53 9999930 18 57 40 82 9999912 1 44 80 9999911 19 9 1 9999946 55 9999915 42 49 95 9999929 94 9999946 9999918 9999916 9999909 19 56 9999940 76 64 9999901 9999974 42 6 9999947 9999942 9999977 9999934 9999929 36 9999988 26 89 9999959 50 9999963 56 9999947 16 9999973 61 9999936 9999924 9999993 54 16 9999993 9999977 65 15 48 47 9999961 91 9999981 9999929 35 83 9999985 9999914 88 82 75 9999978 91 48 9999917 67 89 9999947 40 9999963 9999958 59 9999944 9999971 4 9999996 9999998 9999988]
[9999913 65 56 77 9999930 78 73 9999960 9999901 89 9999985 9999929 86 59 79 88 68 55 9999960 9999937 89 9999918 90 9999976 21 19 5 32 40 29 9999989 17 9999961 34 9999927 48 73 55 36 41 9999964 56 9999905 87 94 9999992 9999953 90 9999972 8 9999968 9999985 88 9999940 9999981 9999926 9999997 9999992 9999984 30 9999921 9999925 4 9999924 4 77 7 84 9999934 82 9999902 5 17 9999912 23 9999974 9999914 17 40 59 64 9999958 9999916 9999934 9999918 54 9999935 9999958 69 59 69 10 96 50 9999978 9999961 9999902 9999941 9999961 9999921]
[9999998 9999923 83 9999948 9999996 26 92 16 28 38 9999959 9999909 2 9999954 66 9999937 9999903 27 63 81 9999943 71 9999979 9999954 9999965 15 9999969 9999906 16 54 9999913 9999921 29 9999969 21 3 9999993 9999933 9999992 85 72 9999903 57 22 9999990 9999949 65 9999909 28 32 94 9999944 9999911 98 9999915 9999971 9999976 85 38 9999916 55 21 9999947 9999917 9999974 9999966 9999934 13 9999975 30 23 13 9999972 24 9999985 9999915 9999949 85 45 9999962 91 77 9999924 9999961 4 9999964 9999953 9999950 9999971 52 9999983 9999952 9999979 9999916 92 9999949 70 92 74 9999978]
[59 9999917 9999924 9999903 12 24 50 9999918 9999929 42 58 9999937 9999979 9999925 9999957 37 21 82 19 9999920 57 18 10 21 9999998 9999921 91 9999932 9999948 86 12 9999912 34 67 28 45 85 62 57 9999931 9999903 56 26 82 84 9999993 84 17 97 9999933 9999964 55 9999935 37 4 9999976 9999955 9999979 87 9999959 31 29 59 9999975 4 9999986 34 55 9999987 9999941 9999940 38 31 9999917 82 56 80 9999985 24 9999998 67 9 69 9999990 52 9999936 23 62 9999953 59 49 74 19 9999915 95 9999956 9999955 9999917 39 9999962]
[61 18 72 9 9999997 46 9999981 9999975 84 13 9999966 9999983 9999994 65 96 66 9999962 9999984 5 9999918 9999963 51 9999935 9999984 9999979 9999943 82 9999899 9999960 9999924 47 9999924 9999939 9999977 74 56 47 78 9999985 6 9999970 9 21 20 9999935 9999905 9999970 9999955 9999942 9999942 9999973 79 9999935 9999983 70 9999916 9999974 41 12 21 9999956 58 9999996 9999979 89 9999926 79 9999947 9999951 9999932 73 9999976 9999927 9999899 9999936 9999919 75 9999899 9999900 9999979 9999916 62 9999937 9999995 15 83 21 98 9999915 9999995 28 38 9999982 9999933 9999902 9999972 72 99 67 16]
[9999994 80 92 9999969 31 9999931 9999931 9999922 47 55 94 49 9999985 46 55 9999902 69 63 35 9999982 9999969 9999965 9999922 9999941 2 9999954 9999980 44 9999910 9999924 82 9999959 7 68 9999953 9999942 24 52 9999975 4 9999967 62 84 9999905 85 59 9999979 9999964 9999944 97 9999941 46 74 9999982 9999968 63 45 68 9999993 94 9999987 15 9999920 9999991 83 25 46 21 9999962 29 9999910 98 68 56 9999986 62 9999912 9999990 9999965 35 9999970 9999955 90 9999957 9999951 67 74 79 71 73 9999950 9999953 45 9999954 9999960 9999964 71 29 9999964 9999919]
[85 9999940 42 65 43 57 27 9999953 13 9999923 9999931 9999992 9999993 9999998 3 95 9999981 9999949 9999935 12 9999950 9999938 9999925 65 9999909 9999900 31 66 9999974 65 9999928 94 78 30 9999986 9999988 70 27 9999920 79 94 51 14 9999966 9999927 75 9999933 79 9999949 9999981 9999907 9999991 99 17 72 74 9999962 9999979 9999969 9999901 37 9999987 91 55 37 14 9999947 9999917 9999975 41 65 9999995 36 9999923 22 6 9999910 75 83 9999945 23 9999966 9999931 37 11 27 9999916 9999959 29 46 9999981 34 60 9999933 81 26 9999972 9999900 9999906 33]
[98 9999928 52 89 9999949 9 26 23 9999968 21 9999973 9999906 9999983 10 4 4 2 9999983 9999945 9999979 9999976 58 41 99 21 24 98 59 79 84 89 17 9999922 42 9999957 92 89 78 97 90 44 88 9999918 9999937 96 9999927 88 9999992 42 94 9999972 77 62 26 9999970 17 75 59 52 28 99 56 9999908 42 55 9999904 70 41 51 9999913 9999939 9999977 9999947 60 76 9999918 68 83 9999988 9999964 9999943 9999987 9999998 58 56 9999967 9999910 9999923 46 41 41 9999966 9999901 12 49 9999978 9999962 9999939 41 9999929]
[9999931 78 9999902 9999945 54 51 82 56 62 87 75 9999981 74 9999950 9999955 81 24 32 29 67 9999944 45 20 9999944 62 27 24 94 9999932 1 72 56 34 9999990 46 9999936 9999920 9999932 9999901 9999944 9999973 83 9999912 67 9999931 9999959 9999917 1 9999971 41 9999965 9999969 78 64 94 6 9999962 9999988 9999945 9999928 29 97 89 9999901 97 9999930 9999921 10 5 9999928 33 47 9999961 9999992 11 9999921 37 14 81 63 54 9999929 9999985 66 9999940 7 9999955 9999997 65 9999937 9999904 69 9999902 90 9999954 9999914 97 9999975 15 9999920]
[9999963 9999962 89 91 9999966 9999971 9999985 9999978 9999969 74 9999970 9999935 55 10 66 89 9999966 9999929 9999924 80 43 9999951 9999942 9999972 9999969 9999965 36 9999909 49 99 82 9999995 43 9999998 9999908 9999966 5 80 9999960 9999932 65 93 9999926 64 93 1 57 9999901 4 9999899 81 9999902 9999930 99 38 9999923 19 9999972 9999938 92 96 9999944 91 9999996 87 29 86 12 9999972 9999989 73 9999963 9999905 9999996 48 9999993 44 33 9999937 9999932 45 58 49 9999924 7 8 9999969 67 9999972 40 21 84 9 67 19 9999998 9999908 9999927 13 16]
[69 9999907 50 9999960 9999994 95 40 63 66 9999972 9999943 9999950 9999986 9999990 9999932 48 9999905 9999946 46 99 9999982 9999973 14 9999930 9999954 82 9999998 37 9999912 31 70 9999913 9999942 83 30 9999949 71 9999998 36 9999952 9999926 9999935 9999938 9999906 52 9999967 19 9999967 78 50 9999900 25 9999925 86 9999934 82 45 75 9999958 77 69 72 9999931 9999900 70 68 52 6 50 63 96 9999932 19 9999957 9999930 9999926 59 9999922 91 14 37 74 9999978 9999959 66 1 9999921 15 9999911 9999911 9999949 56 96 9999990 33 9999926 9999926 99 77 72]
[9999983 18 9999993 54 9999961 9999947 9999957 9999982 6 28 16 9999899 9999930 9999960 82 9999952 44 96 52 95 45 15 9999985 9999923 18 9999949 9999906 0 9999946 37 9999956 89 94 50 0 40 9999976 9999977 7 66 13 86 9999963 9999928 9999961 9999942 40 9999928 79 9999926 9999940 83 9999912 9999899 22 15 9999945 9999974 9999982 24 9999945 9999940 20 9999960 31 18 47 9999907 9999987 99 58 55 9999973 9999909 84 9999905 89 9999926 62 9999969 21 9999915 9999900 9999937 9999996 9999997 9999960 52 14 9999964 9999933 9999996 9999970 9999960 9999970 9999923 12 56 0 2]
[94 52 11 23 9999905 63 20 86 9999940 9999981 9999916 9999971 30 32 9999973 9999962 9999970 9999900 9999945 8 9999921 9999982 14 9999986 9999909 9999924 20 9999948 28 9999922 9999951 76 78 9999938 21 40 5 84 9999937 9999960 9999983 74 35 34 9999957 9999927 9999997 9999933 9999949 31 66 9999985 9999953 23 88 20 72 45 9999911 62 9999984 9999913 57 9999955 9999978 98 9999912 12 53 9999902 35 67 3 9999929 9999948 9999950 82 9999904 9999960 9999922 9999900 9999902 9999954 16 67 50 54 9999899 55 79 34 9999947 22 9999960 44 9999950 9999972 53 9999946 30]
[9999914 28 74 9999987 48 40 9999927 55 9999942 29 28 68 9999934 9999967 9999959 16 9999983 66 9999997 9999994 85 21 23 9999925 9999934 54 36 9999908 9999916 9999907 92 18 9999906 26 9999920 9999989 9999905 92 70 9999912 6 9999982 9999942 9999984 86 9999989 85 9999932 9999911 9999986 95 9999969 9999979 84 72 9999963 4 24 9999939 9999984 86 68 9999929 9999990 9999916 9999995 85 9999933 26 7 82 9999912 9999949 28 9999998 46 9999952 43 52 19 9999928 57 16 9999958 93 9999993 9999954 9999967 9999925 73 9999980 80 90 33 9999958 9999923 9999931 17 37 62]
[9999935 9999996 91 5 9999903 9999949 23 26 9999997 99 52 9999942 9999984 30 31 9999993 9999970 9999987 56 38 10 9999965 21 32 62 9999978 96 53 45 9999988 9999995 9999934 6 43 9999926 9999908 9999937 2 9999971 90 88 85 9999925 9999959 87 94 9999967 9999907 1 18 94 85 55 80 92 59 9999953 9999943 9999975 9999909 56 9999922 60 80 90 94 9999925 9999933 92 9999905 9999911 9999981 9999976 9999968 9999964 94 9999944 9999907 9999975 9999997 56 9999987 9999949 88 9999971 64 9999985 9999995 9999998 9999955 9999928 26 76 9999994 55 93 82 2 70 42]
[77 9999969 52 9999905 9999920 9999932 9999969 9999930 9999966 19 9999966 9999968 4 49 27 9999917 9999967 37 33 9999930 60 9999920 9999998 83 9999984 9999919 18 27 51 32 9999908 84 91 88 77 9999946 45 30 9999984 11 18 78 9999980 9999927 2 14 19 9999963 36 9999920 40 9999907 9999997 73 9999925 91 9999984 9999994 9999909 9999957 9999926 9999953 9999939 56 56 9999936 24 9999974 9999914 9999914 9999914 9999902 50 9999969 9999961 9999926 9999958 9999941 9999915 13 9999909 9999975 50 9999963 34 9999964 9999908 93 44 4 0 38 6 20 91 9999981 96 9999934 9999918 12]
[9999903 73 51 9999976 77 9999954 9999924 15 56 93 9999958 9999932 9999902 9999937 9999989 28 72 9999945 75 78 14 9999979 9999907 9999989 45 26 25 96 9999977 9999926 86 9999943 9999914 9999957 9999968 78 72 49 9999936 9999901 9999974 9999902 9999958 9999899 87 66 94 9999963 9999937 9999911 9999997 9999909 9999911 9999920 44 91 83 9999922 9999931 56 9999988 66 9999987 37 27 9999900 9999905 44 90 9999981 9999963 12 4 9999959 59 9999906 44 9999977 71 62 2 9999959 9999906 90 9999950 41 68 9999956 29 5 9999986 9999922 34 40 9999912 4 78 20 51 9999923]
[22 9999972 14 53 9999942 72 29 46 9999964 9999913 9999903 54 9999943 91 9999945 29 9999923 48 1 9999917 9999922 9999989 38 67 74 9999948 9999967 9999991 9999951 9999942 92 52 9999993 79 36 9999991 56 54 9999922 9999900 51 9999920 9999971 65 9999996 56 9999986 9999952 7 9999913 50 14 9999993 9999952 12 9999932 9999918 9999949 9999939 32 9999914 27 9999970 9999949 40 9999912 17 78 9999995 9999937 9999924 94 9999926 67 4 9999980 5 85 11 62 8 9999922 9999917 65 9999924 9999904 96 9999946 9999937 48 16 11 96 9999963 9999933 9999989 11 9999932 9999910 41]
[9999933 9999986 9999932 99 9999925 9999914 68 88 9999956 34 55 9999984 9999953 94 7 47 9999967 47 9999900 9999962 9999961 9999940 9999974 23 95 32 42 9999964 9999918 9999963 64 84 85 9999970 70 58 9999992 9 9999950 53 64 9999986 9999904 9999902 77 25 44 9999975 6 39 1 9999952 71 9999904 9999930 35 9999914 9999948 9999955 9999911 4 9999914 9999940 9999948 37 32 91 2 9999951 9999938 48 9999946 9999987 9999907 10 9999947 12 9999918 9999959 9999906 59 9999973 46 89 9999984 78 62 45 9999986 9999948 23 28 37 93 73 8 12 9999911 9999927 9999968]
[96 9999925 45 29 9999905 33 9999918 61 9999971 9999962 9999981 9999946 41 9999930 9999900 89 9999989 9999958 81 9999941 95 9999974 9999951 38 7 92 78 9999909 77 76 9999942 9999904 9999921 64 32 23 9999912 9999915 9999927 16 50 9999943 76 17 9999992 9999947 9999947 19 68 8 9999933 9999988 52 9999958 9999960 9999995 11 51 9999915 9999954 9999944 9999930 67 9999985 9999954 55 9999901 63 16 30 9999979 9999981 59 9999953 9999968 9999940 18 0 9999987 28 9999946 9999979 9999924 9999971 2 67 9999912 9999992 15 9999981 9999967 90 45 9999911 9999960 94 9999927 9999988 3 9999904]
[9999973 65 9999948 85 9999977 69 9999922 9999982 9999956 9999959 9999921 70 91 9999908 6 9999989 9999985 49 51 74 78 9999964 26 47 9999995 9999937 9999953 9999900 18 9999964 9999902 40 97 9999902 83 9999961 97 24 9999984 57 9999953 36 49 9999908 9999943 31 9999959 56 9999939 68 58 9999953 73 1 9999966 45 9999932 66 9999899 9999939 52 9999904 9999929 9999980 82 9 9999904 9999943 9999899 9999998 9999975 9999960 9999970 9999950 9999957 77 85 9999934 9999902 9999953 9999921 29 9999921 9999945 9999937 9999984 9999977 9999924 38 9999912 9999955 65 82 74 52 9999972 6 9999948 9999961 9999908]
[9999973 9999967 9999946 15 9999957 9999984 83 13 33 29 9999920 10 14 9999915 9999969 46 9999946 24 58 72 9999953 9999933 9999994 9999921 18 44 46 87 81 9999950 25 9999990 29 52 75 21 9999998 77 24 43 9999969 9999987 71 30 9999960 21 54 70 39 69 9999956 31 9999936 98 69 9999982 9999954 9999989 58 9999945 9999983 58 1 19 58 6 9999920 9999967 9999992 9999904 9999919 9999992 50 9999933 44 9999976 9999976 99 9999914 21 65 59 91 63 63 9999958 9999975 9999937 9999947 9999986 28 96 9999927 47 9999942 58 9999988 9999909 9999915 9999925]
[9999928 9999989 86 10 9999900 9999925 9999941 9999916 25 68 71 9999928 50 9999917 9999986 9999956 60 84 9999981 9999900 5 9999966 58 12 27 32 73 9999930 83 9999978 9999923 41 9999933 9999910 56 93 61 36 9999966 55 12 86 72 9999975 84 83 95 9999985 91 9999977 9999945 9999994 40 89 83 94 77 23 36 9999907 62 9999940 9999988 9999933 9999956 9999911 9999944 42 9999929 9999940 9999947 30 72 85 25 16 9999990 69 70 9999974 9999913 9999934 86 9999948 9999978 76 9999908 81 9999976 9999940 9999977 9999903 7 62 15 82 9999965 9999968 27 33]
[75 9999933 9999984 58 28 9999959 9999926 86 9999974 9999974 9999942 90 9999974 21 9999925 2 96 9999990 9999975 9999925 55 9999986 71 81 22 9999980 58 9999922 59 4 1 75 87 9999997 90 32 47 77 23 9999946 28 58 50 93 9999985 5 16 9999938 9999991 9999987 13 9999912 49 9999933 31 9999958 9999995 9999996 71 9999941 9999944 4 9999926 9999923 19 9999969 84 6 18 24 9999903 9999946 9999950 48 9999994 9999981 59 32 9999990 9999935 9999994 80 3 9999950 9999955 9999953 9999997 1 9999985 37 9999960 26 20 99 9999984 9999977 95 9999985 9999973 9999900]
[46 9999906 9999915 9999990 9999979 9999900 78 9999925 75 89 9999945 9999993 9999970 9999946 9999938 98 0 9999899 9999924 9999981 42 9999958 52 48 9999992 88 9999976 64 9999931 9999990 11 9999982 9999956 9 2 85 9999935 17 71 19 86 9999909 9999921 9999980 9999938 9999953 9999995 41 7 15 88 9999909 9999901 9999962 9999970 71 9999937 9999961 65 9999935 9999909 16 48 9999964 9999940 72 33 9999926 31 12 98 9999961 23 9999942 9999905 9999939 28 9999981 54 39 43 9999911 9999956 9999913 2 9999967 9999958 49 9999944 9999980 27 9999915 37 9999912 59 9999974 49 15 78 9999976]
[9999953 9999934 24 30 77 84 9999937 79 81 9999948 47 66 72 9999958 25 9999944 9999976 9999929 9999994 48 9999995 71 9999940 9999968 60 9999988 9999899 9999995 9999901 15 9999996 3 12 9999922 56 9999921 52 9999911 9999929 9999978 9999901 97 0 63 9999906 49 9999964 92 91 21 21 9999955 26 7 9999974 9999980 9999947 9999923 9999903 94 9999951 1 94 9999948 14 9999904 11 6 9999971 25 75 9999912 9999917 54 62 18 9999939 42 9999974 1 9999962 9999915 44 35 29 9999976 2 9999947 9999902 15 78 57 9999900 93 9999979 70 9999946 79 33 55]
[9999958 26 9999944 9999991 19 13 1 9999934 9999954 15 21 9999983 43 50 96 35 94 73 9999977 60 17 9999982 55 9999909 56 9999914 46 9999972 85 9999906 9999951 9999986 36 9999946 11 9999900 30 68 9999899 36 9999986 9999988 9999912 14 75 9999978 9999938 9999920 99 66 21 95 9999953 9999945 9999970 9999920 50 4 9999950 9999903 65 9999988 9999928 78 9999954 9999953 9999974 9999946 9999904 9999981 9999959 9999982 86 51 9999948 1 9999907 24 9999996 9999942 20 99 2 52 91 62 9999976 9999970 34 9999985 9999951 69 2 9999981 65 70 9999998 9999990 9999925 9999974]
[91 9999922 6 9999936 9999942 33 9999948 64 10 73 9999941 62 60 9999917 72 9999908 66 9999923 9999987 9999972 65 92 69 9999944 41 92 9999914 9999936 83 89 15 9999957 9999949 9999919 21 71 58 9999900 9999959 9999954 0 31 83 9999906 9999932 9999926 55 74 49 68 9999967 9999928 4 93 50 9999982 29 9999916 9999941 9999911 9999966 89 74 9999927 26 49 48 9999919 9999976 34 9999970 9999979 6 55 81 9999958 20 9999902 9999982 9999947 72 63 9999900 79 15 9999948 20 99 81 9999979 9999994 9999936 9999905 28 9999936 88 9999941 9999930 76 9999911]
[17 55 9 9999948 74 60 9999923 9999946 9999928 1 87 4 67 65 9999983 82 23 98 9999987 21 9999905 9999901 41 19 95 15 9999977 22 58 9999903 11 36 66 17 40 9999976 9999975 95 9999970 9999901 9999902 64 20 9999965 9999970 84 63 9999901 9999986 9999945 9999943 41 9999924 35 26 69 24 0 9999902 9999932 9999970 73 5 9999984 22 9999941 82 96 9999935 30 79 9999990 35 9999972 64 9999905 86 35 9999907 11 21 9999910 9999912 14 9999950 9999934 49 84 32 9999985 88 9999973 9999991 4 9999901 19 9999930 9999912 49 62]
]