[[9999914 73 9999935 0 81 9999916 26 36 27 96 9999948 96 9999918 9999953 94 33 21 9999970 70 70 80 9999915 84 22 9999971 9999988 5 60 9999922 62 25 9999994 9999952 62 9999903 88 9999952 6 9999960 29 9999971 75 39 9999904 6 21 19 8 9999994 9999959 9999969 35 27 9999984 48 61 89 63 34 9999986 9999945 74 2 9999955 67 95 9999914 9999969 9999937 83 9999968 9999984 93 9999913 9999945 11 9999918 9999947 9999932 34 27 39 32 9999925 9999990 63 9999972 20 80 57 9999974 5 85 9999969 43 46 55 9999961 9999915 19]
[9999906 89 9999943 9999997 78 9999971 9999980 9999900 9999956 9999977 9999963 85 9999969 9999902 34 82 60 99 9999963 50 95 31 9999950 73 60 54 32 9999919 9999952 51 93 33 9999990 26 9999990 98 88 9999997 91 89 9999982 81 9999963 9999928 55 98 50 52 85 96 9999944 10 9999943 9999980 9999986 99 25 9999965 52 75 9999977 89 9999968 98 9999926 9999911 9999900 15 22 44 20 63 82 9999928 9999967 36 39 9999937 9999994 85 21 88 16 9999952 78 32 9999978 10 73 9999953 49 44 9999966 9999913 9999955 9999937 9999918 9999912 9999971 9999982]
[9999906 9999963 9999968 3 31 9999979 9999926 9999954 42 75 9999996 25 9999910 9999964 10 9999921 9999971 9999989 50 9999901 9999920 9999981 9999938 32 35 9999979 9999918 77 44 9999953 23 37 12 73 9999933 61 9999947 23 44 9999955 92 5 9999959 9999916 9999950 83 9999948 9999971 77 32 9999903 9999905 9999942 9999915 69 9999989 9999916 68 19 9999976 72 23 9999974 9999976 9999998 9999998 64 9999943 9999954 86 9999931 9999909 9999966 58 9999994 9999978 9999990 13 85 9999997 9999946 9999994 99 61 48 9999997 9999909 70 63 18 9999945 9999995 9999926 81 9999956 9999911 9999960 16 91 43]
[70 47 42 10 80 65 9999951 9999918 42 52 32 9999947 79 9999974 9999993 9999957 86 9999963 48 35 27 9999951 9999956 27 50 31 9999941 35 9999959 12 9999979 73 85 9999924 9999993 9999998 9999990 67 73 9999995 9999953 99 9999925 52 9999940 9999986 9 74 9999915 9999922 59 26 9999920 77 9999968 67 44 9999955 16 9999950 4 77 9 9999990 9999977 79 14 7 40 9999993 97 68 87 9999991 48 30 9999987 9999931 9999977 7 89 9999974 5 36 9999974 1 9999967 22 9999928 9999979 8 9999905 76 9999949 9999918 9999966 9999953 9999982 39 9999943]
[56 26 99 9999954 23 9999994 9999976 28 9999995 92 9999935 37 9999904 9999918 9999972 9999989 9999917 65 87 9999990 15 28 78 69 9999994 55 74 33 9999926 9999915 9999901 9999948 12 95 9999967 82 3 31 9999947 35 53 81 9999960 9999918 9999970 53 9999984 68 9999961 9999920 9999976 18 9999993 10 9999961 68 64 9999904 9999966 9999993 56 9999941 9999964 0 93 9999899 91 29 94 12 9999981 9999978 9999986 89 18 9999945 98 7 46 58 9999901 9999993 47 9999976 9999982 9999941 9999937 9999993 9999971 9999923 9999932 80 79 9999920 47 9999970 9999990 9999947 9999905 9999989]
[9999975 80 9999992 9999956 9999911 89 40 74 9999929 14 9999966 9999901 9999974 9999941 30 9999987 9999910 9999958 72 9999997 94 9999932 30 9999954 9999942 44 85 99 8 19 11 9999953 34 9999958 9999982 31 13 9999962 91 9999988 56 44 93 9999941 9999936 9999998 96 37 9999982 34 70 41 9999906 9999934 73 9999903 88 43 9999981 9999906 45 9999969 91 9999952 94 9999935 31 54 9999956 9999977 9999901 93 70 14 48 24 13 45 85 9999970 9999968 55 96 23 60 11 9999993 9 9999946 46 44 9999974 9999960 9999997 1 9999974 3 50 9999953 9999947]
[9999969 62 9999993 9999983 39 9999989 22 9999909 9999969 5 9999915 9999918 96 1 9999947 9999990 9999990 9999989 37 9999944 9999943 9999899 50 63 9999955 9999996 34 0 93 9999995 53 25 9999926 9999933 98 56 50 63 9999931 51 9999931 9999914 9999937 72 9999974 9999929 44 43 40 1 15 9999905 64 9999931 61 28 9999926 65 67 49 9999907 9999915 26 9999950 9999991 65 98 9999989 36 9 9999940 9999992 67 46 9999908 9999973 9999929 9999960 9999913 9999912 9999962 41 0 1 84 9999932 99 9999921 73 17 9999912 93 9999914 9999961 90 17 9999932 40 9999975 9999935]
[33 34 9999906 42 9999910 9999980 18 10 81 57 81 5 9999906 36 9999917 87 67 64 53 9999944 9999906 9999983 86 99 9999933 9999979 9999905 5 9999912 9999915 82 9999955 76 9999964 5 9999917 74 9999934 9999988 49 9999946 65 9999913 9999952 9999940 53 9999961 45 43 94 9999941 9999938 55 9999932 49 55 9999990 8 9999977 30 9999935 9999993 59 9999939 79 68 9999951 72 20 9999912 9999936 47 9999968 15 39 2 89 9999957 34 9999909 73 6 9999960 9999924 22 9999932 9999910 75 86 9999922 53 53 9999977 34 9999911 38 44 6 83 9999924]
[9999996 9999926 9999973 9999978 61 78 9999993 3 9999953 9999981 9999954 9999913 11 78 9999943 9999960 34 65 9999979 9999907 74 17 96 36 88 98 75 80 9999984 9999930 80 50 9999940 9999954 67 9999985 9999948 9999933 11 97 9999975 9999953 50 9999949 57 13 60 9999992 9999977 9999985 69 9999912 82 9999969 9999956 9999940 9999964 9999954 9999926 9999907 9999980 32 9999978 85 9999966 9999964 19 25 8 9999927 87 8 41 41 42 9999995 35 55 9999922 9999932 11 63 9999943 20 64 9999916 9999974 11 62 9999952 9999929 9999907 9999901 9999986 60 9999971 71 35 83 56]
[7 9999985 96 30 8 9999977 9999952 9999932 55 9999959 9999952 6 49 59 98 9999959 9999944 9999903 65 9999996 9999948 24 51 9999963 9999946 9999981 9999969 89 2 9999905 36 9999965 9999954 9999905 58 9999968 9999974 9999971 49 76 9 9999970 8 9999916 9999912 9999978 9999943 9999901 4 16 9999929 32 9999962 21 9999995 42 9999923 68 9999899 80 9999931 9999981 9999956 73 9999914 9999966 9999984 34 9999992 6 4 9999986 9999943 97 9999911 78 9999956 64 9999920 9999914 3 9999953 26 9999924 9999981 52 43 9999995 94 54 64 3 9999922 89 9999914 68 88 22 9999928 9999965]
[1 9999904 9999980 9999902 9999960 9999972 9999978 9999965 30 15 59 4 55 77 9999964 9999983 18 9999925 9999923 7 9999988 93 11 9999968 9999987 70 9999987 60 9999927 76 60 62 69 9999952 87 72 9999977 16 46 9999929 9999899 9999939 32 6 0 9999937 3 9999998 80 9999948 9999972 95 92 9999980 9999944 54 9999974 9999912 62 9999960 15 9999938 9 9999974 9999962 8 25 49 73 9999937 29 9999988 9999975 9999900 67 9999959 3 9999933 9999961 9999966 15 8 75 9999967 79 9999941 9999954 62 9999992 53 9999948 48 9999933 28 9999942 9999904 9999984 9999932 9999940 17]
[78 96 9999937 61 28 55 9999920 41 57 44 9999945 64 9999899 34 9999994 9999989 2 35 9999944 9999906 9999936 9999950 9999923 9999981 9999969 92 9999900 9999949 9999949 9999928 9999943 9999958 9999902 40 9999921 65 60 9999998 89 32 19 9999912 51 9999951 9999975 9999944 19 9999905 13 65 50 9999927 9999957 9999944 23 9999997 12 92 9999969 9999902 3 9999993 67 31 9999934 9999946 9999981 15 9999923 9999907 9999907 38 49 9999940 6 67 9999932 26 9999996 9999952 9999977 43 76 38 9999918 9999939 9 26 75 9999979 85 24 98 9999995 9 9999953 9999920 0 34 80]
[9999992 9999998 9999937 9999944 9999913 18 59 9999925 48 21 47 98 12 9999942 9999962 9999949 79 9999971 80 95 9999899 9999953 72 9999903 9999902 7 10 9999946 9999974 9999962 17 9999956 9999979 88 1 93 9999989 81 32 9999947 9999971 17 47 56 9999930 9999951 58 9999969 26 32 85 52 9999966 9999950 19 49 73 57 9999997 60 11 9999959 9999969 95 97 9999955 9 66 35 9999935 9999994 39 15 9999969 19 9999996 9999972 82 79 9999979 9999931 40 2 9999907 9999924 9999996 9999917 0 80 9999988 9999914 29 96 84 9999978 28 92 9999913 22 65]
[9999959 25 60 9999997 88 9999912 9999942 9999967 9999956 2 9999988 38 21 45 85 9999913 98 63 73 9999997 9999918 50 46 63 9999924 60 60 27 45 32 60 78 6 9999970 89 9999919 9999998 9999957 2 9999942 14 48 9999952 9999936 9999910 9999951 67 71 9999949 9999943 9999949 99 9999962 9999996 76 9999959 9999915 75 16 75 39 51 9999981 9999982 52 80 46 62 86 9999926 9999957 84 9999988 9999976 9999928 32 3 9999910 9999924 56 9999966 9999980 20 27 9999925 19 39 39 9999965 55 9999982 82 90 2 17 9999964 84 9999934 9999952 9999986]
[9999916 61 57 98 9999997 75 9999951 83 9999933 77 88 9999911 9999940 9999934 9999980 9999916 9999942 9999967 24 32 33 9999982 9999995 9999966 9999963 70 9999969 9999927 98 9999993 55 61 9999951 9999980 9999994 17 9999916 9999920 25 9999917 9999958 60 97 4 9999978 40 48 86 9999905 9999959 20 99 9999922 9999926 57 9999988 9999954 9999959 73 9999904 99 9999968 38 9999987 27 52 9999984 9999901 9999963 8 83 57 15 9999998 9999955 7 9999994 9999981 1 9999910 76 82 9999918 9999912 9999948 9999998 81 20 99 9999978 50 9999943 9999953 3 9999930 9999969 63 60 68 9999942]
[91 54 9999973 9999938 44 9999953 16 88 9999916 9999911 71 92 9999910 9999938 9999939 13 9999943 72 9999927 91 57 20 9999955 9999996 9999951 9999977 9999972 59 84 81 48 56 9999911 9999909 9999994 93 80 9999930 9999910 37 34 9999996 10 90 9999953 9999969 48 73 88 9999996 63 9999990 9999988 9999968 65 9999947 2 36 87 9999940 9999913 50 9999910 9999947 9999992 9999963 59 9999964 14 97 9999965 46 69 9999949 9999932 79 9999971 62 9999981 51 25 9999970 9999904 9999984 50 46 9999911 23 9999971 9999928 9999959 17 80 9999981 46 9999980 12 79 58 48]
[68 0 9999967 9999974 89 74 9999946 9999952 9999900 90 79 60 9999986 20 39 41 9999946 40 7 19 9999941 9999944 9999969 9999990 9999937 54 13 9999941 72 9999990 9999966 98 9999979 92 9999936 9999969 81 11 9999953 9999988 9999976 9999932 9999992 9999957 9999909 94 9999988 9999980 9999919 39 9999947 9999914 9999991 9999945 83 47 31 9999932 9999926 9999954 16 65 8 9999905 9999982 16 9999987 9999960 9999902 60 9999979 96 28 50 93 9999968 9999901 9999983 36 6 9999997 0 34 9999919 63 22 88 5 28 9999972 33 65 58 9999975 76 9999944 37 45 9999972 95]
[9999906 9999983 9999994 72 9999904 9999944 63 59 35 70 9999931 9999964 59 9999912 9999974 87 9999990 9999978 9999908 9999975 93 9999900 12 27 9999983 37 93 9999992 9999984 87 9999965 9999989 89 85 9999951 50 65 9999958 24 40 58 9999899 79 54 35 86 9999971 41 9999937 56 9999905 9999966 9999960 35 9 9 68 9999916 37 43 9999961 93 90 9999939 9999899 9999988 9999920 50 46 95 9999962 19 52 3 9999962 9999938 9999915 9999977 62 71 9999911 9999957 32 9999902 73 89 9999991 43 9999983 9999952 9999942 21 9999967 0 19 9999979 9999943 9999920 9999992 27]
[54 11 6 9999920 62 11 44 9999984 89 56 98 9999958 9999913 58 49 9999963 9999943 87 9999955 9999953 9999919 9999974 65 21 91 19 9999988 9999943 85 9999959 9999939 9999988 9999996 9999984 59 49 9999956 9999954 99 9999967 99 9999994 56 9999943 9999916 9999981 79 9999917 9999966 96 9999973 9999907 9999960 71 76 5 86 9999970 9999993 9999922 9 4 43 16 63 48 66 9999949 52 42 9999947 9999937 31 24 35 9999938 9999938 30 53 13 9999933 79 9999941 5 22 9999958 9999973 79 25 96 9999986 33 9999908 9999923 33 9999944 9999970 84 9999998 9999977]
[84 9999983 2 9999980 44 9999936 9999937 9999982 8 9999953 9999970 9999942 9999971 9999995 72 68 46 9999900 72 9999965 13 95 71 99 80 73 9999968 92 9999977 8 9999990 30 16 45 9999901 9999914 8 98 38 17 42 73 95 47 9999977 9999997 96 9999943 9999931 9999919 56 9 85 64 9999984 9999993 9999987 9 9999912 13 64 9999983 9999928 57 40 6 9999919 10 8 9999941 9999980 68 71 9999945 48 9999919 21 7 9999929 64 9999940 0 9 9999909 37 9999969 3 75 70 25 9999991 9999952 5 9999949 9999899 9999992 9999926 35 15 9999953]
[73 9999987 9999916 35 97 82 9999993 68 9999934 1 82 40 9999973 4 98 27 80 9999928 9999948 9999904 25 73 9999975 52 19 18 5 51 60 9999973 9999993 9999996 13 53 9999930 9999940 9999909 9999977 35 9999968 61 38 8 52 32 66 9999912 60 9999992 40 9999919 82 92 0 10 9999956 46 27 48 9999932 69 37 9999918 89 9999929 9999899 9999900 9999937 20 82 9 9999924 27 42 9999979 9999943 90 54 9999948 9999907 9999931 9999903 75 92 9999913 12 9999917 0 9999917 79 9999914 9999952 72 38 9999956 81 35 9999902 93 24]
[48 9999965 86 9999976 9999996 9999901 6 52 9999908 9999953 9999946 47 78 5 9999981 72 9999995 80 9999985 9999989 15 76 16 9999972 9999917 6 9999922 9999922 60 4 10 41 9999982 13 9999985 56 9999904 9999908 30 9999998 96 28 9999930 88 9999913 95 86 9999922 9999945 77 65 9999919 9999913 54 9999913 9999945 9999948 34 46 9999975 9999948 28 9999966 9999980 9999994 10 9999956 9999950 9999932 69 9999952 9999966 9999941 96 9999992 9999899 9999991 9999913 67 9999908 28 9999944 9999917 9999906 6 9999925 8 32 87 18 5 87 9999915 9999926 9999904 20 9999937 9999926 9999916 9999942]
[9999903 70 9999965 87 9999982 9999970 80 16 59 9999984 9999954 50 76 9999968 72 98 78 85 98 70 65 9999936 30 34 9999983 40 9999955 11 61 9999940 8 9999958 96 21 9999958 89 31 26 9999920 43 9999973 9999949 2 9999985 9999955 24 49 60 9999963 9999988 9999913 9999914 9999982 9999939 9999906 47 9999964 9999912 11 9999934 9999968 9999987 26 12 9999905 24 9999919 45 9999922 9999916 9999953 9999935 63 9999930 9999933 47 3 32 66 9999951 49 55 3 59 9999987 9999998 40 12 40 27 9999943 9999991 45 78 43 61 1 9999953 9999958 9999971]
[9999981 17 68 9999962 18 44 9999947 23 18 71 9999899 37 9999900 52 9999941 43 9999967 37 9999899 74 9999993 60 9999913 9999910 9999970 9999899 9999960 9999960 9999983 9999970 46 15 9999978 41 39 9999935 89 9999961 99 9999996 91 2 9999917 9999989 79 9999992 63 21 73 9999956 63 62 34 9999948 58 97 62 30 95 9999952 78 9999931 9999912 9999919 9999961 9999988 9999980 9999921 52 95 9999952 9999905 9999955 9999974 9999939 51 12 13 9999910 9999973 9999973 9999925 9999908 42 45 9999902 9999911 6 49 11 9999946 51 9999927 24 67 9999909 9999938 46 16 9999988]
[9999997 66 13 9999997 9999944 9999911 9999971 44 9999951 67 9999938 89 9999986 36 9999970 9999954 9999907 67 9999953 9999968 9999929 74 66 52 16 47 68 9999902 9999958 9999912 9999921 34 9999931 40 9999973 9999935 9999953 66 9999916 9999993 11 9999993 11 79 71 9999987 9999936 16 43 9999916 9999992 9999933 69 9999912 9999977 2 36 9999926 70 9999911 9999985 9999951 9999932 16 27 9999914 24 9999973 41 9999976 9999995 9999900 27 9999996 36 9999925 9999915 10 99 60 71 76 63 9999920 9999993 90 23 65 82 9999945 8 9999966 2 9999941 79 9999930 9999927 9999950 9999924 70]
[90 9999939 55 9999921 4 19 9999936 9999943 9999949 72 9999947 9999922 18 9999970 9999930 9999916 34 9999984 8 94 31 9999926 9999935 3 53 9999917 86 99 46 9999919 9999932 58 34 96 9999951 3 9999928 81 9999937 9999909 9999928 9999931 29 9999976 9999937 9999929 9999902 9999983 98 8 90 86 1 14 24 9999931 9999979 9999903 9999997 10 94 9999977 37 9999905 9999905 9999974 9999985 22 86 44 9999929 84 65 9999974 9999988 9999977 9999973 74 55 53 9999945 63 0 9999988 9999927 9999983 9999909 9999988 9999973 61 49 25 57 9999950 9999935 9999964 9999918 9999993 91 77]
[9999991 64 9999946 95 24 9999977 9999975 68 50 51 6 7 9999975 9999971 9999946 90 9999904 92 9999944 9999970 9999948 9999913 16 16 9999968 27 9999995 9999955 9999911 9999940 9999977 56 9999960 9999963 9999929 9999965 9999947 9999927 9999928 9999910 57 94 9999900 87 9999908 23 9999927 9999972 95 60 9999914 61 9999903 6 94 87 28 83 9999981 5 23 9999998 85 87 11 40 9999996 9999928 49 9999959 9999961 97 9999902 24 9999974 9999911 35 9999940 28 9999975 9999922 64 9999955 91 9999983 9999918 87 9999914 80 22 26 9999975 9999907 45 9999990 9999961 89 28 9999972 9999951]
[9999937 84 46 3 52 18 5 9999982 57 9999928 17 9999969 89 9999952 9999983 9999952 58 2 96 6 47 47 9999955 9999981 55 78 64 14 92 9999987 55 9999992 82 9999952 97 40 87 41 79 57 9999971 9999992 9999942 9999930 52 9999942 9999936 48 0 97 9999939 9999989 69 35 9999903 64 61 40 9999914 9999909 9999975 51 9999976 9999952 73 9999924 79 9999946 68 70 34 9999978 9999941 9999997 38 71 58 9999990 9999899 38 6 35 9999964 98 12 9999981 9999992 9999922 9999903 9999900 80 9999949 9999928 80 9999973 9999989 49 9999985 58 79]
[26 3 9999933 32 15 16 9999946 9999979 9999922 40 9999934 42 9999900 27 98 9999982 55 1 20 65 9999922 2 79 18 17 5 56 9999979 9999929 9999948 9999900 3 9999947 91 9999973 28 9999916 29 6 9999980 18 9 9999952 71 9999985 9999934 80 6 9999927 33 20 9999985 45 80 9999902 77 9999949 9999977 9999925 71 9999909 9999961 12 9999965 95 9999947 9999945 65 72 92 37 9999983 9999949 53 9999970 9999913 9999971 9999975 9999904 9999932 9999943 9999921 65 9999902 31 9999908 73 9999906 9999960 70 30 67 9999987 9999979 9999949 55 64 25 84 90]
[77 9999949 66 91 9999968 9999903 9999993 31 95 9999916 9999954 9999923 9999932 10 9999988 9999930 13 9999926 9999935 80 9999990 98 9999924 9999933 42 9999956 9999939 9999916 99 70 99 38 9999928 9999992 9999973 48 0 9999980 7 53 81 9999960 9999935 9999935 14 52 14 9999918 9999984 49 9999915 15 1 9999902 9999968 9999986 14 9999949 65 73 9999944 9999963 90 32 9999923 9999978 26 9999912 9999904 9999983 9999986 9999986 37 15 80 9999992 31 47 5 9999986 18 60 55 9999961 9999908 9999934 0 9999918 72 9999970 5 42 9999910 9999977 14 9999927 9999919 9999956 69 95]
[9999926 90 9999954 57 19 83 89 87 9999992 9999995 38 9999984 9999971 9999990 96 89 85 9999969 6 16 9999919 53 3 9999912 9999951 4 96 20 9999905 58 51 9999929 9999966 56 9999936 9999975 61 9999971 9999934 30 9999957 28 2 59 13 9999990 71 9999964 9999933 9999915 9999947 58 9999998 62 18 13 87 9999900 9999945 9999974 9999952 9999948 9999978 9999937 94 25 9999924 9999909 40 74 9999968 9999911 61 55 9999963 76 61 63 9999904 84 0 9999948 4 20 9999935 29 42 23 9999992 9999987 9999930 9999984 49 9999910 92 9999957 9999962 9999955 61 80]
[89 9999946 9999909 14 73 49 22 9999929 40 9999981 9999932 91 9999985 9999957 9999912 9999985 9999946 9999942 65 59 58 9999930 9999936 9999935 9999980 9999940 92 25 57 9999901 69 43 77 33 9999912 28 46 56 71 9999960 46 9999913 9999987 9999943 9999988 9999970 18 9999913 9999921 48 9999979 9999970 34 87 9999992 9999933 11 58 62 9999913 9999911 50 95 9999908 0 9999920 9999970 30 9999977 9999917 9999928 9999944 9999949 77 16 49 10 44 9999983 98 9999965 89 67 9999984 9999987 9999907 23 31 9999933 9999959 9999915 27 9999974 79 9999977 9 56 9999937 9999928 9999934]
[9999998 80 90 53 16 9999913 20 9999962 38 15 58 9999928 17 9999969 44 54 9999934 9999995 9999935 72 35 9999951 82 14 9999981 33 9999924 9999994 26 9999934 67 9999936 9999967 9999960 9999942 9999982 9999988 9999958 33 9999995 65 28 69 98 9999972 9999933 9999932 9999995 9999961 14 66 9999995 9999921 72 66 9999988 9999907 9999990 9999918 9999970 9999900 9999933 86 9999984 85 9999970 9999914 9999921 57 9 53 9 22 91 40 45 9999954 9999924 9999977 38 30 42 14 2 9999923 9999967 21 9999915 15 9999960 9999983 9999962 55 9999960 90 82 99 0 73 13]
[50 9999903 45 9999940 45 40 2 9999915 9999991 9999913 39 9999990 29 36 61 9999953 3 9999939 10 9999943 9999939 16 9999907 56 35 9999951 9999946 81 14 41 55 39 9999979 9999919 43 12 9999902 17 9999946 47 84 9999904 5 3 66 5 9999948 9999941 9999978 9999977 9999969 9999976 9999960 98 9999965 9999953 9999912 9999951 9999910 9999959 54 92 9999993 26 9999900 9999963 9999921 4 9999937 91 9999912 9999960 96 24 86 11 9999962 82 39 97 9999922 9999979 61 9999899 9999925 9999920 9999944 71 73 9999910 9999955 86 79 9999996 9999917 9999909 64 9999926 92 79]
[78 73 9999961 81 9999946 9999966 18 9999956 69 38 18 58 9999902 89 9999922 82 9999998 9999940 59 9999974 9999964 9999975 20 56 45 46 9999965 78 9999981 84 24 86 9999980 16 9999934 3 79 51 45 86 96 9 71 48 46 49 9999929 77 9999945 9999933 79 9999924 18 17 66 71 9999968 63 9999964 9999956 68 9999959 9999929 9999972 9999947 29 90 9999955 9999963 42 30 9999910 3 41 9999926 63 47 9999908 9999963 22 91 21 13 9999900 89 29 9999952 9999937 9999974 67 87 9999943 76 9999965 65 9999959 70 88 9999931 9999932]
[9999989 52 9999904 64 10 9999997 45 50 36 80 9999962 9999916 9999953 71 9999924 9999954 9999967 20 93 58 15 1 9999939 85 9999990 97 9999908 18 9999923 9999971 0 9999942 9999984 9999901 9999979 45 9999910 58 9999913 9999927 79 35 9999963 9999956 6 66 9999899 87 60 60 5 0 9999991 9999955 9999958 20 26 69 47 46 9999966 26 1 43 9999995 9999932 87 52 9999943 24 34 9999953 24 9999926 9999979 9999966 9999989 16 66 87 9 9999926 46 66 9999949 9999918 9999945 84 18 9999926 53 9999956 41 29 12 98 9999913 9999956 9999975 9999899]
[9999937 69 6 9999950 9999952 9999964 9999906 9999930 9999921 18 9999961 9999924 83 9999991 9999966 9999932 42 9999989 32 9999937 21 9999983 81 9999944 87 9999935 9999972 9999973 9999945 9999973 9999901 9999937 9999955 9999917 75 9999940 94 89 33 9999937 28 9999991 42 9999985 12 9999985 30 9999905 98 43 9999933 9999941 79 9999952 9999915 9999969 9999991 67 9999910 59 9999967 45 79 68 71 53 9999919 32 69 9999903 39 9999951 73 9999961 9999995 9999954 9999917 66 76 90 69 24 73 89 50 9999926 71 64 99 9999952 9999998 9999910 9999981 78 9999918 12 9999996 9999995 79 9999970]
[9999961 9999980 68 43 85 53 9999934 9999960 17 53 83 9999908 9999982 9999955 9999978 9999976 9999904 94 90 9999974 9999965 75 27 36 9999960 9999915 9999932 9999978 9999961 9999986 51 9999918 9999977 9999927 9999935 7 9999994 15 57 9999957 88 78 9999937 9999930 9999934 44 26 54 9999985 39 9999981 9999971 9999991 9999995 21 74 9999920 9999992 9999966 9999997 80 9999930 9999899 95 9999944 22 67 9999904 9999915 9999979 66 55 49 9999974 9999986 11 9999981 17 54 9999957 1 1 9999990 9999952 9999944 56 9999985 9999976 9999991 52 9999997 85 70 9999918 9999916 9999957 26 9999983 9999942 9999926]
[11 90 67 32 9999946 7 9999944 74 67 9999960 20 9999923 6 9999959 9999983 9999948 8 64 97 9999987 9999926 41 57 0 42 40 9999980 9999918 94 38 87 83 46 9999950 18 9999972 9999975 9999976 58 13 9999923 9999997 9999917 18 9999986 9999932 9999927 9999955 9999989 9999972 9999949 9999941 9999972 9999974 9999986 9999907 9999958 9999941 9999998 9999976 9999996 40 9999923 9999968 9999939 9999993 9999990 12 45 73 9999987 43 9999959 45 9999964 9999998 3 9999978 87 65 9999934 97 71 64 9999925 26 9999901 82 9999903 5 9999984 70 9999907 9999966 9999989 9999947 9999908 92 37 80]
[92 13 9999962 9999960 43 85 12 9999958 82 31 40 65 20 9999995 58 42 88 9999935 91 89 9999927 79 85 11 11 9999938 34 9999990 9999985 6 9999996 48 9999964 66 4 9999973 97 9999983 9999909 5 5 9999912 9999939 63 9999911 9999919 31 9999904 71 23 9999986 8 9999981 9999963 9999972 9999930 93 84 9999994 20 9999909 29 19 98 80 9999938 9999955 42 9999988 9999901 9999997 55 9999995 9999954 97 5 9999934 19 5 9999991 9999918 84 9999951 84 24 59 9999969 9999901 9999903 5 9999964 67 29 9 9999975 9999974 9999975 9999935 9999935 9999922]
[9999922 9999951 9999928 9999918 92 14 9999939 9 9999997 9999927 9999989 9 67 74 9999934 97 9999972 9999998 9999949 52 9999994 15 9999973 9999980 9999914 9999970 9999946 71 9999900 67 54 9999952 69 9999976 9999982 89 9999989 85 85 9999917 9999944 86 67 59 12 9999986 9999928 9999972 9999912 98 9999959 9999972 74 9999937 9999900 9999962 56 39 90 11 63 9999899 9999970 9999906 9999950 39 9999920 82 9999957 2 53 9999900 9999974 16 74 23 9999994 3 32 9 27 9999982 72 19 67 33 67 9999942 9999903 9 9999965 68 9999998 9999909 97 9999971 78 17 9999939 86]
[9999981 82 9999900 92 9999958 35 9999965 77 9999921 9999953 9999974 23 40 9999984 9999907 17 9999900 7 88 9999906 41 9999965 78 9999990 7 2 9999992 68 9999984 9999991 9999976 9999991 9999920 9999932 9999938 9999927 9999925 9999950 9999918 10 63 9999955 71 9999981 9999916 9999935 26 74 38 31 15 63 9999923 9999904 61 99 9999969 46 9999982 9999982 9999948 9999961 9999948 57 9999956 9999964 77 9999994 9999939 50 4 44 9999949 9999973 9999935 9999973 9999913 19 83 14 9999934 75 86 9999929 25 9999936 9999928 9999957 9999956 46 46 9999909 9999910 9999977 28 7 9999970 21 9999924 9999989]
[9999975 59 67 9999943 28 43 7 49 9999971 82 9999920 9999970 35 75 9999939 19 9999903 9999983 9999982 83 9999961 76 36 74 65 52 59 9999991 50 9999945 9999998 9999986 9 9999915 9999925 47 9999914 9999939 9999981 9999957 69 9999989 9999973 60 9999901 9999904 8 9999964 9999900 9999967 35 77 9999916 67 57 60 48 9999952 93 3 9999997 75 9999958 9999907 97 9999929 67 9999902 19 88 9999933 9999903 9999934 9999976 9999949 1 9999961 9999966 29 19 9999927 59 8 9999945 69 9999973 9999922 12 9999932 9999991 18 9999997 9999973 55 11 9999945 9999973 9999914 43 15]
[9999916 9999916 46 19 99 77 66 9999976 9999930 9999980 9999956 9999982 55 9999920 61 9999950 9999952 9999951 9999963 9999907 31 9999904 85 9999952 32 19 9999978 9999922 2 9999932 57 98 89 9999960 4 37 9999904 9999899 9999997 84 19 36 9999977 9999961 9999970 9999959 9999904 29 85 16 34 50 9999931 14 9999987 9999951 9999968 9999966 48 29 9999963 10 9999977 91 46 9999972 92 9999914 9999967 9999948 9999940 9999974 9999985 9999988 9999917 9999969 9999914 66 28 11 41 9999965 17 9999989 9999947 9999906 9999995 9999960 9999978 9999937 21 85 48 9999944 9999977 35 53 9999984 66 12]
[44 87 29 4 9999978 91 93 9999995 9999949 81 9999998 9999957 55 23 41 9999910 4 8 9999979 9999974 75 9999947 9999904 9999991 49 85 76 9999947 9999986 9999905 63 24 9999917 40 93 18 43 95 9999975 29 64 9999931 9999907 29 9999920 50 28 9999935 9999937 93 12 9999911 55 23 9999969 82 83 16 90 9999920 9999963 42 45 30 9999980 9999900 9999998 9999904 6 87 9999960 59 9999978 4 9999907 9999962 9999990 9999925 9999953 88 9999981 67 9999957 74 9999958 11 78 9999902 89 9999985 9999922 94 17 9999977 74 35 3 60 9999923 48]
[27 9999988 52 30 9999949 9999943 33 36 9999998 46 27 2 34 9999915 45 84 10 9999982 33 9999908 10 24 9999950 15 77 95 20 9999994 9999981 98 3 9999983 9999984 9999950 9999940 49 62 9999924 9999986 99 65 97 9999964 53 9999973 58 93 45 84 13 4 91 93 81 21 78 61 9999950 94 9999910 88 9999926 9999955 10 9999920 9999962 9999949 9999990 94 68 9999914 14 76 9999926 38 15 9999962 3 9999976 34 9999923 7 9999953 4 99 9999909 95 9999915 9999980 9999996 9999996 9999982 4 9999919 39 39 65 9999991 9999900 28]
[85 60 9999965 9999970 9999916 99 80 9999899 17 9999975 9999909 49 9999985 97 87 96 92 9999910 9999900 43 22 92 9999970 76 9999998 9999980 35 9999938 53 74 9999949 9999946 68 9999967 9999904 9999949 9999977 9999981 50 2 9999954 9999947 29 44 37 9999936 68 9999917 87 73 9999998 9999960 48 9999957 54 9999976 48 87 9999924 9999960 9999961 9999996 9999910 9999969 52 9999910 22 36 9999899 9999900 56 9999928 9999938 85 9999900 70 9999905 77 98 9999913 85 9999992 9999951 44 9999946 30 9999989 9999968 9999932 1 9999983 9999987 9999985 24 9999993 9999907 2 9999966 9999931 9999977]
[9999987 69 9999955 63 34 45 2 52 9999907 20 91 9999947 9999965 9999907 15 45 9999950 36 9999945 23 9999970 9999985 16 9999904 9999993 9999904 9999902 48 9999963 81 82 9999925 18 28 9999962 9999975 56 11 97 46 9999941 9999963 61 51 60 9999953 57 9999906 78 79 6 9999923 23 13 33 40 9999929 9999985 9999932 17 53 68 9999906 92 68 9999910 46 99 9999991 50 88 9999928 13 9999970 7 89 24 9999997 95 78 8 9999997 9999989 9999916 9999928 9999993 28 38 9999981 9999985 9999991 22 9999990 9999917 50 17 26 24 9999922 17]
[9999983 84 9999909 9999985 80 85 9999947 9999964 76 59 9999968 9999927 9999960 9999989 9999978 32 78 87 62 74 87 61 9999938 9999941 9999909 41 17 68 9999929 71 9999965 97 9999978 9999909 56 56 9999977 9999942 56 9999931 24 9999910 73 9999959 34 9999942 9999938 60 9999956 79 9999907 9999927 22 42 86 9999988 90 9999977 68 39 9999922 9999949 88 9999912 82 84 44 9999987 9999911 9999984 65 73 69 9999936 9999909 9999931 9999936 16 9999978 9999971 52 58 9999922 58 39 9999951 9999952 61 45 9999947 9999948 9999908 31 60 9999957 80 9999974 9999925 3 7]
[5 26 9999940 64 94 36 9999971 9999899 9999975 69 9999981 15 9999977 10 9999974 9999914 85 9999985 14 9999942 47 26 9999944 9999953 9999931 29 9999964 9999965 9999990 52 9999977 89 9999962 84 9999946 17 35 45 32 9999995 61 65 79 9999975 19 29 52 9999982 9999955 9999948 19 13 84 54 9999959 37 88 77 9999988 95 9999967 9999899 9999943 9999934 9 9999975 91 29 68 9999983 9999903 99 37 23 9999914 9999920 9999978 9999983 72 9999952 56 27 71 62 9999916 9999971 25 9999922 17 9999915 9999951 9999992 34 3 9999927 83 79 9999956 9999908 4]
[9999924 87 75 72 9999966 18 9999919 9999985 9999971 63 9999948 9999959 96 11 47 9999977 67 9999954 58 0 9999922 18 99 9999926 9999944 32 15 9999989 90 49 2 81 95 1 9999962 9999907 15 9999955 24 66 9999918 80 62 84 9999992 42 75 9999918 54 9999955 9999978 9999967 9999920 9999910 94 66 9999915 9999986 9999924 9999916 9999975 77 50 26 9999942 9999967 9999969 9999915 11 89 22 9999909 76 23 22 27 72 48 76 9999910 27 9999899 9999961 38 62 62 4 50 74 87 47 9999980 15 9999966 9999963 93 20 9999953 9999919 42]
[9999961 9999965 9999981 9999975 9999996 51 4 33 9999979 83 9999929 31 33 34 83 9999909 79 9999903 10 57 9999985 20 9999957 88 9999960 90 15 9999969 25 41 97 80 9999909 75 9999909 11 9999909 9999971 9999969 9999965 42 9999936 73 9999950 58 90 95 9999915 9999911 9999946 9999947 95 95 9999971 9999936 9999903 9999990 43 9999956 60 1 9999994 79 9999912 9999927 9999965 9999925 36 42 9999927 68 9999952 9999985 9999940 80 95 9999934 9999983 77 60 14 37 9999957 9999927 19 64 9999971 75 30 9999997 9999936 10 65 29 93 75 80 9999967 9999939 51]
[9999984 9999925 9999928 42 65 67 9999966 9999964 9999979 9999945 9999953 9999997 9999912 86 94 9999940 48 97 92 9999909 9999919 22 9999976 9999937 9999963 9999972 52 18 42 9999913 98 9999932 12 9999916 4 9999972 9999993 61 9999909 9999918 9999909 66 84 75 38 9999989 73 26 9999926 94 9999922 9999991 75 9999932 21 81 68 40 9999939 9999985 9999966 9999983 9999993 82 9999905 9999995 56 1 22 9999905 9999909 15 9999940 9999966 59 81 67 9999907 37 61 58 9999907 9999916 92 45 77 9999992 9999960 9999922 9999899 9999975 9999906 19 9999990 19 9999936 88 9999926 84 92]
[77 9999944 9999978 9999909 64 9999995 9999980 9999942 78 93 21 88 9999923 23 69 11 9999939 37 9999921 6 9999960 56 9999944 11 14 9999993 9999914 83 9999983 9999997 42 9999933 9999990 9999935 41 98 7 60 68 9999970 47 9999989 9999923 9999900 71 9999912 88 10 36 63 9999949 9999982 71 29 9999915 87 84 51 9999972 5 12 17 9999935 79 17 9999930 9999971 67 51 9999996 9999945 9999957 75 21 9999924 9999955 9999922 9999957 9999899 42 9999964 9999974 9999925 91 9999925 55 24 57 38 20 10 9999953 9999959 99 76 6 9999949 9999947 10 70]
[93 8 9999968 9999900 9999968 9999911 79 9999979 86 65 50 9999960 98 9999907 65 37 27 0 9999931 9999907 9999938 9999959 9999950 9 63 9999911 9999959 30 9999955 83 1 9999962 49 82 16 9999943 9999960 88 60 72 87 9999934 71 9999914 9999961 9999940 93 24 9999918 9999927 90 9999905 45 42 92 9999963 56 9999922 9999966 95 33 87 9999966 16 62 70 9999916 99 9999951 9999922 9999905 16 9999942 9999967 59 9999955 9999921 69 72 9999935 9999915 30 9999982 93 39 39 9999941 5 9999996 9999981 9999923 15 5 8 9999981 8 9999975 9999944 24 38]
[99 9999909 84 9999933 9999923 9999997 30 78 9999920 9999929 58 9999944 9999972 46 9999925 11 9999929 9999916 9999996 73 9999974 53 38 9999994 9999964 9999956 9 9999992 9999962 9999957 43 9999969 39 9999941 95 85 88 9999914 57 9999933 49 9999998 9999929 3 9999922 68 9999980 91 9999975 38 9999930 9999983 9999974 9999963 75 75 9999901 9999992 24 52 9999990 9999943 9999987 9999902 9999946 86 9999927 96 80 9999921 52 9999938 97 16 9999947 9999970 9999982 30 40 90 9999994 88 27 9999918 9999926 5 80 69 9999941 9999959 56 37 34 9999963 9999963 61 65 9999992 50 72]
[9999911 64 77 9999980 9999939 9999998 9999982 25 5 77 71 44 9999994 15 80 35 13 9999993 9999969 9999941 90 9999908 30 47 9999938 24 78 9999963 9999946 75 9999943 6 9999933 9999940 9999924 87 17 9999984 28 59 9999918 57 23 9999935 6 12 9999962 60 9999985 9999901 26 93 9999968 9999935 25 9999968 38 60 90 9999959 9999904 9999923 53 9999925 9999944 9999940 27 17 9999994 32 9999909 8 37 17 9999909 69 9999926 9999943 11 9999916 9999979 9999922 9999925 9999900 9999924 9999980 9999940 82 74 9999915 9999974 9999995 9999995 9999958 39 9999905 45 60 17 9]
[9999983 47 16 9999998 72 57 9999935 44 60 74 44 9999912 86 9999982 9999928 9999938 9999930 62 7 97 9999955 9999952 9999914 84 9999914 9999954 9999945 69 9999944 9999964 9999992 9999899 90 62 84 41 74 84 9999955 66 9 9999963 9999974 9999907 9999929 9999936 81 74 26 9999953 0 9999968 9999968 9999908 9999989 9999933 9999994 16 9999932 9999973 65 9999990 9999978 19 9999980 73 9999907 9999983 91 9999912 1 30 9999982 9999991 9999956 72 9999997 97 64 37 9999984 44 9999924 9999907 9999963 9999927 28 50 9999979 92 9999998 9999976 41 9999922 9999962 2 9999996 9999975 9999907 45]
[75 90 9999920 62 30 62 13 9999966 71 9999984 96 90 88 9999940 9999934 9999941 67 62 9999944 9999911 16 9999992 9999953 78 9999934 86 14 9999993 54 9999992 9999924 95 9999899 9999983 9999928 24 40 1 43 9999950 9999982 9999939 9999938 94 39 9999997 9999979 40 0 9999954 91 9999964 9999988 9999912 26 9999983 37 36 20 9999914 9999911 9999986 9999935 35 9999923 9999909 55 9999984 9999900 9999930 9999934 51 9999902 9999946 9999919 9999973 9999924 9999982 9999921 9999922 9999900 27 59 40 81 9999932 9999927 70 2 57 9999956 9999915 40 88 56 95 9999924 9999988 93 13]
[9999961 18 80 93 73 9999908 70 9999930 9999970 13 6 9999926 9999931 9999918 21 9999990 57 9999916 9999899 35 57 65 9999983 87 23 79 36 34 9999946 9999937 73 9999908 7 21 97 9999926 91 9999924 64 9999988 9999919 22 9999966 96 84 80 42 9999964 70 40 9999963 9999941 9999938 1 9999918 34 54 9999905 9999973 9999929 9999980 9999939 9999942 9999935 9999946 38 44 91 9999923 9999932 59 78 9999929 36 9999998 9999903 7 9999936 78 99 53 59 9999967 9999990 15 70 33 51 9 13 9999957 9999973 78 96 9999920 82 9999949 9999979 9999995 19]
[20 9999959 9999968 9999990 9999914 9999993 9999919 9999987 64 9999930 9999906 9999904 28 59 9999970 9999962 9999900 9999992 76 37 9999989 71 9999907 65 9999918 9999940 84 71 9999899 29 9999905 56 99 9999969 12 9999899 67 74 9999990 9999976 50 68 9999914 16 56 65 9999960 9999964 2 9999904 28 9999949 79 95 63 78 9999927 98 9999979 21 9999924 9999987 9999954 9999927 68 53 0 9999916 12 98 9999943 6 9999932 99 1 16 9999912 9999936 29 9999986 9999914 9999937 89 17 9999944 9999983 9999908 9999979 77 9999973 30 91 92 20 9999968 9999906 9999976 9999935 9999925 9999959]
[9999935 9999941 9999956 9999920 61 9999942 9999910 26 1 46 88 95 9999953 23 85 9999996 9999920 91 9999986 11 9999944 9999960 7 9999946 9999939 54 9999934 56 9999905 9999969 9999933 9999908 9999992 9999905 30 16 9999920 54 9999946 1 9999983 9999922 9999941 11 44 68 9999987 9999907 35 9999929 22 36 26 9999955 9999998 94 9999937 9999942 9999988 9999905 9999964 61 9999907 5 9999913 9999917 18 9999979 86 82 42 66 9999955 95 9999903 10 16 63 43 19 9999919 9999937 52 9999973 9999995 9999935 8 9999926 9999909 9999951 9999973 15 9999974 62 99 9999948 9999920 15 75 9999994]
[9999904 9999940 97 9999937 51 40 9999968 9999947 74 88 47 9999976 9999949 9999966 13 9999977 5 9999974 9999943 9999996 9999961 2 9999989 9999987 84 5 9 97 71 9999938 9999986 9999987 12 9999941 39 9999902 42 37 76 9999923 34 9999985 9999993 9999958 9999950 65 84 9999913 61 9999985 9999930 19 63 9999987 10 9999916 9999950 78 9999920 98 7 72 45 9999959 9999910 32 9999944 13 9999938 9999990 9999965 9999973 11 70 91 9999976 9999938 31 50 51 9999964 42 37 90 9999921 35 53 9999939 54 9999955 70 98 30 9999906 9999923 9999995 74 9999985 55 9999907]
[9999949 96 34 37 9999967 63 9999939 9999978 9999988 70 9999989 61 9999925 9999984 28 84 94 18 9999941 9999928 9999969 89 9999924 62 9999912 9999928 9999901 9999974 19 45 9999952 9999923 24 53 81 9999949 9999906 22 5 56 57 9999956 68 9999948 94 71 52 9999995 76 44 9999975 79 9999903 9999960 9999921 18 9999924 9999994 9999972 9999930 0 9999909 9999965 9999951 9999947 9999902 62 9999998 23 9999929 9999912 18 9999979 70 90 20 72 9999933 97 65 7 9999998 11 9999960 9999985 9999929 90 9999971 94 9999969 17 10 22 9999908 61 9999928 9999917 90 22 9999953]
[84 9999972 83 9999997 9999908 93 77 55 9999959 9999991 9999903 41 8 9999933 9999910 8 9999940 4 9999991 9999918 24 9999965 68 9999916 9999986 98 2 82 9999910 79 9999935 9999969 9999930 9999950 24 16 23 9999948 1 53 9999938 9999993 24 9999931 9999947 98 9999974 39 9999961 9999947 99 9999959 9999935 9999985 90 9999975 9999971 62 9999956 83 17 9999954 9999923 18 21 48 56 61 9999925 74 9999920 12 9999978 9999972 90 9999948 65 56 20 9999955 68 9999982 9999939 9999965 9999984 98 9999957 9999957 55 17 69 37 9999982 99 57 9999955 88 9999991 9999980 93]
[46 30 79 9999922 75 36 3 9999936 63 9999943 9999980 9999900 49 9999977 42 58 9999933 81 9999952 9999990 69 88 9999972 9999987 9999971 97 9999947 9999964 31 9999978 61 9999909 9999981 9999994 66 9999954 9999967 96 9999968 41 9999915 98 9999906 9999931 9999945 9999923 4 9999985 42 9999978 78 29 9999931 9999996 9999998 9999916 3 9999914 9999985 9999921 62 92 9999969 88 9999918 83 20 52 71 9999973 51 9999970 9999978 29 9999960 9999907 68 44 9999936 91 9999955 9999955 62 9999942 73 9999954 0 54 88 9999995 55 63 73 9999915 69 43 50 52 9999918 79]
[52 9999919 9999954 9999955 18 99 9999900 9999932 9999964 9999901 80 54 9999956 82 9999962 9999958 9999904 9999976 4 55 32 62 9999971 9999982 9999998 24 9999962 9999938 84 23 9999943 75 43 66 9999996 52 9999904 76 80 84 77 30 9999954 9999917 74 33 74 9999949 72 9999933 9999938 65 9999938 9999983 9999905 9999983 64 47 9999901 9999920 9999970 75 9999948 9999970 9999940 9999943 91 9999936 9999919 25 3 10 95 38 69 9999983 70 9999962 9999957 14 9999967 9999922 9999991 9999945 66 61 79 9999903 89 57 25 74 53 40 52 9999996 26 29 29 24]
[9999901 89 9999945 78 9999909 9999929 9999920 9999959 99 76 9999959 9999980 9999941 46 44 76 9999936 9999926 81 9999911 88 60 9999974 9999901 13 9999995 42 83 9999969 9999920 39 9999954 9999911 42 92 9999968 9999958 9999911 9999929 9999932 72 9999990 26 9999978 9999944 45 9999957 9999958 80 58 9999961 12 28 19 80 65 27 23 9999936 34 32 9999951 9999921 12 64 55 63 9999982 88 54 74 72 9999923 9999965 9999947 49 9999905 9999907 9999962 28 9999931 9999976 9999983 40 38 9999919 9999940 25 9999940 65 46 51 9999925 9999966 79 32 9999992 1 9999959 9999967]
[74 9999951 14 9999935 97 9999928 9999977 26 9999962 63 67 86 12 73 9999947 9999960 9999977 9999947 51 27 39 9999909 9999970 26 98 9999923 9999927 4 9999927 9999910 9999969 48 9999924 9999994 66 93 77 9999902 9999905 9999932 71 9999943 66 9999955 9999966 9999998 73 9999928 9999918 30 24 54 9999944 9999997 25 77 9999931 9999992 57 27 17 57 2 85 9999901 9999961 9999899 68 9999899 9999949 50 16 9999933 9999997 70 40 65 97 14 9999953 65 9999973 9999987 9999989 9999983 94 63 9999943 9999983 9999953 67 9999982 98 9999977 83 9999944 9999945 9999934 30 85]
[10 60 27 99 9999972 9999945 54 96 21 9999962 12 9999907 9999967 4 9 59 68 9999967 89 9999931 80 9999996 9999927 9999915 16 9999989 9999974 9999955 9999961 9999975 9999933 9999995 16 9999913 89 35 9999966 66 9999980 7 9999944 9999926 9999973 9999906 9999957 51 9999923 9999962 9 43 28 9999919 9999910 9999973 9999937 15 9999953 66 39 9999987 9999920 9999965 9999933 72 9999901 9999921 9999902 9999967 93 87 5 9999917 9999929 52 69 97 48 59 9999925 73 9999937 59 12 95 3 30 9999957 9999983 56 9999981 0 90 9999979 29 9999902 58 6 33 9999965 63]
[3 9999946 77 22 9999922 64 9999949 31 49 33 9999985 9999929 9999901 8 96 87 55 9999934 9999946 9999904 92 9999952 96 9999912 9999901 9999978 30 41 79 9999931 9999903 9999905 9999934 9999951 85 99 51 9999996 90 9999934 80 27 27 9999915 9999899 9999935 77 9999970 37 33 9999929 9999931 33 24 41 9999995 33 10 9999938 9999974 9999942 69 31 9999906 9999971 9999933 9999987 9999957 75 18 9999924 42 9999909 9999973 9999995 9999933 94 77 43 75 9999971 9999928 94 15 64 9999933 9999907 9999980 9999957 9999928 29 28 72 56 9999987 94 9999989 5 17 19]
[67 9999995 50 9999975 9999956 9999928 56 9999933 43 9999955 9999958 73 9999904 9999934 9999921 80 30 48 9999958 26 24 9999925 79 5 38 9999917 36 9999916 64 3 67 70 9999899 9999966 45 9999984 9999956 90 80 83 26 42 55 12 44 9999939 9999972 44 44 9999931 97 9999956 44 9999922 9999907 9999933 9999928 9999972 16 57 46 9999994 9999931 9999968 31 9999917 9999991 22 12 9999926 17 69 32 9999968 9999973 9999906 9999905 9999921 3 43 71 1 9999963 9999926 9999935 83 9999947 93 9999966 9999940 1 68 9999909 38 27 96 9999962 33 59 9999957]
[86 9999996 28 6 90 35 9999936 94 9999923 4 66 9999995 74 9999979 9999924 7 9999991 9999951 52 9999919 9999946 96 9999994 67 9999901 70 81 9999989 9999947 24 9999928 9999902 42 9999952 9999957 9999939 47 9999985 9999988 27 37 56 9999909 30 40 3 9999974 9999987 9999899 9999949 38 56 8 24 4 60 48 9999971 9999914 9999933 9999919 3 72 9999944 24 89 9999919 9999926 64 45 90 9999971 9999969 17 9999955 34 75 9999971 9999953 9999966 9999954 76 20 27 89 9999910 9999985 89 9999907 9999988 9999969 9999979 9999959 76 9999993 12 14 30 9999955 9999929]
[9999967 7 82 78 94 9999993 9999959 93 9999906 17 9999952 9999960 9999974 33 48 9999961 28 9999918 84 78 93 76 9999966 9999971 22 70 9999904 9999939 9999968 9999941 93 9999993 9999968 9999983 55 9999945 18 9999962 11 9999902 9999973 9999913 74 74 9999949 9999950 23 45 9999950 9999944 32 9999906 77 9999918 9999911 19 23 94 7 9999967 98 9999997 2 79 7 3 9999959 14 92 3 9999977 9999943 9999925 9999919 33 9999947 9999933 31 9999924 9999914 9999980 6 9999908 9999954 9999953 9999976 92 9999961 65 34 42 25 9999903 36 9999929 9999969 9999911 53 32 89]
[9999991 73 55 91 9999905 77 8 9999941 25 9999991 47 9999978 20 22 83 97 9999916 9999937 62 15 9999969 36 9999922 61 42 12 9999949 32 34 24 6 9999922 38 74 57 29 9999986 9999968 6 9999993 9999995 9999940 99 9999998 9999955 9999963 9999937 18 38 9999963 9999949 91 88 70 1 81 8 7 9999940 9999930 9999908 49 91 9999994 40 9999954 19 9999983 9999966 7 9999905 42 63 24 9999951 9999922 9999948 9999998 18 29 9999920 20 51 9999900 29 9999945 30 93 65 9999991 9999926 9999938 43 9999983 9999932 9999917 9999985 2 5 9999922]
[51 9999916 9999905 79 58 9999960 9999958 91 15 9999984 70 9999952 43 4 22 14 9999907 9999910 9999962 41 98 59 94 9999985 11 9999983 9999973 1 9999976 9999901 9999984 54 64 38 9999974 9999904 9999979 9999929 79 9999984 9999986 63 9999923 9999911 13 9999977 9999981 50 9 9999947 47 9999925 9999918 9999906 48 9999977 47 45 9999970 9 35 50 5 15 85 88 98 2 9999947 36 9999926 9999994 63 18 9999941 8 65 9999946 70 9999926 13 9999902 47 89 2 9999908 9999904 64 14 9999947 36 92 9999990 10 9999961 86 9999992 2 39 9999990]
[9999953 28 9999989 9999940 58 9999982 9999903 9999965 51 29 9999973 9999927 9999996 9999960 90 48 29 9999959 43 38 4 26 9999931 39 5 75 9999964 24 44 83 9999976 9999901 18 18 9999913 9999940 33 9999933 9999945 9999977 9999926 32 70 29 97 9999945 57 9999903 64 35 9999937 9999911 9999929 32 32 9999989 6 60 9999961 9999955 66 3 9999994 94 9999992 35 9999953 9999926 9999984 9999947 72 53 94 6 98 24 9999904 84 9999925 88 25 96 9999918 9999906 21 3 16 9999987 9999981 9999937 9999902 46 36 99 89 36 54 9999976 9999914 9999913]
[9999921 41 88 9999916 14 9999965 43 53 9999947 9999920 26 9999902 9999904 35 9999987 59 47 9999953 12 9999998 4 9999990 64 9999987 6 9999948 64 9999949 9999949 14 9999899 7 9999956 30 98 9999972 9999931 33 9999950 9999984 28 9999987 4 9999988 26 9999983 9999961 9999935 59 9999974 9999961 80 9999962 50 9999901 9999927 9999970 81 9999935 82 9999998 93 93 9999915 79 9999978 9999924 9999952 9999899 52 54 9999985 9999981 0 9999993 31 62 50 23 19 9999990 15 9999993 67 9999920 9999969 42 74 9999990 22 93 91 88 9999996 9999920 17 9999973 9999947 9999992 1]
[1 66 9999907 59 83 9999899 9999970 9999970 84 9999919 9999900 22 51 94 9999959 9999948 9999990 36 9999984 10 93 9999966 9999974 99 28 9999994 84 72 5 9999963 59 3 9999956 72 9999933 9999952 5 9999986 17 9999910 72 6 9999968 9999921 9999950 79 22 9999965 24 9999960 9999984 9999998 9999918 9999937 67 98 9999979 40 9999942 26 17 5 65 9999959 9999940 9999909 9999902 9999988 80 16 83 92 9999965 9999928 43 9999938 32 46 9999957 2 66 9999916 9 9999942 9999921 52 68 74 9999973 29 9999955 9999982 80 22 9999929 9999909 9999927 3 30 2]
[48 9999901 9999983 73 9999978 9 9999915 9999955 9999942 9999989 9999978 9999909 9999902 16 9999943 25 9999965 9999973 99 9999938 9999902 13 9999902 15 94 9999936 9999980 9999900 9999953 9999948 9999969 35 9999934 16 9999953 51 15 79 9999948 9999971 67 49 64 60 65 9999928 9999969 9999982 9999961 78 96 9999977 18 71 97 9999918 42 6 65 9999921 86 9999911 20 9999929 9999973 9999908 27 9999903 9999910 19 9999969 34 9999952 9999901 9999928 9999931 28 9999940 9999995 59 9999997 74 9999906 9999968 93 9999909 19 10 9999976 7 97 9999978 9999916 9999914 2 9999980 44 2 45 80]
[9999982 65 9999991 35 36 34 0 81 9999976 14 9999930 9999934 9999940 9999961 9999946 64 70 9999937 44 96 9999973 97 27 9999950 20 9999982 9999938 57 9999980 9999946 9999977 94 44 1 89 9999917 93 9999942 9999952 9999934 79 94 9999994 83 34 9999926 85 83 95 29 67 12 72 2 42 9999927 9999956 9999992 9999965 28 9999916 47 9999988 9999917 63 72 9999900 9999994 68 70 3 72 9999980 76 9999943 9999983 18 25 36 29 14 45 81 9999928 9999899 70 9999904 9999925 44 9999967 9999950 9999914 97 15 9999961 9999995 91 9999951 9999943 24]
[9999998 45 9999926 57 78 14 9999928 31 6 9999940 9999972 72 9999972 11 79 57 7 59 9999989 65 19 84 13 9999961 52 18 9999949 9999959 98 9999916 9999965 9999940 13 9999927 9999991 9999928 9999971 97 9999945 1 98 78 11 47 76 3 9999936 45 93 9999911 9999995 4 35 37 42 9999927 9999905 9999988 9999917 44 88 77 9999984 85 9999925 92 8 68 9999965 59 35 56 9999997 9999906 9999949 98 9999963 60 82 42 9999943 45 9999993 55 72 30 9999915 9999990 95 40 81 76 30 9999917 90 38 9999899 9999921 87 93]
[9999989 52 78 84 77 45 88 9999965 68 9999992 88 12 9999990 9999909 58 9999911 32 9999911 9999906 63 9999940 87 49 30 13 62 67 99 56 9999963 59 0 9999932 9999951 2 9999995 9999912 94 9999955 49 9999903 9999965 17 73 9999977 39 9999904 32 9999987 75 22 10 53 9999988 29 51 9999918 9999992 9999987 9999921 19 70 9999923 6 75 9999924 70 48 59 17 9999974 24 9999972 9999944 9999985 9999951 9999924 16 78 9999955 9999990 64 83 26 18 9999962 75 9999944 34 9999899 5 37 75 9999940 19 89 67 9999900 9999959 9999930]
[9999988 5 95 18 9999912 53 9999959 9999917 80 9999933 68 9999997 9999989 9999948 25 9999959 27 99 20 9999973 9999925 84 7 86 98 9999980 9999998 9999968 9999977 99 9999986 67 9999955 9999913 84 20 49 96 9999960 9999903 65 40 9999912 73 56 0 9999954 60 9999914 73 9999983 72 23 90 61 9999947 9999989 9999994 58 60 9999906 63 18 9999931 98 9999912 9999965 5 9999927 9999950 9999916 9999952 9999912 42 66 9999950 38 55 85 9999987 9999994 9999950 9999914 38 60 56 9999984 11 9999914 9999915 9999992 7 67 9999986 9999948 9999912 33 9999933 9999938 9999933]
[9999956 95 9999952 9999917 9999927 14 88 86 9999962 76 70 46 59 27 9999959 87 9999903 9999911 9999901 9999958 9999919 0 9999910 9999914 51 9999949 9999951 9999937 47 9999910 9999905 9999899 9999970 9999985 9999917 9999913 74 9999945 98 36 51 9999965 53 54 9999935 9999931 89 9999990 90 13 71 9999917 9999972 9999914 9999982 0 9999964 9999923 9999994 9999913 59 9999991 9999914 44 85 9999960 15 9999976 9999981 9999986 9999910 9999998 93 9999981 30 91 9999920 11 9999980 3 21 9999946 9999918 9999919 9999907 9999939 53 9999907 9999974 54 9999983 44 9999956 9999936 9999986 42 9999970 9999923 9999982 72]
[9999977 9999969 0 9999996 54 38 69 65 12 55 42 8 9999963 92 9999923 54 9999915 48 71 29 43 9 15 9999955 9999978 38 68 9999936 9999974 9999997 95 9999930 9999899 91 33 41 85 96 9999982 9999983 78 9999945 53 9999929 9999913 9999928 73 9999965 9999940 85 32 9999961 9999955 9999948 9999971 96 9999917 9999962 9999920 9999991 75 70 9999911 9999939 73 78 9999919 9999949 9999954 39 9999976 8 25 9999920 9999938 9999932 94 9999909 77 9999917 17 92 31 9999944 17 25 9999996 66 9999928 9999982 6 58 91 9999987 94 9999959 9999960 9999936 67 88]
[9999985 23 9999998 9999986 9999978 9999968 9999987 9999920 33 9999985 9999944 51 38 9999938 9999909 9999946 9999929 19 67 80 26 5 9999911 9999936 89 9999924 46 38 9999962 9999899 9999957 9999978 43 23 9999997 87 9999951 4 54 9999926 28 9999951 3 43 9999910 9999994 9999941 61 9999971 9999910 37 9999919 9999924 83 10 9999949 54 30 41 9999972 9999966 9999950 17 29 9999911 95 9999948 9999966 9999980 9999972 89 9999958 9999961 9999942 9999917 39 9999910 9999901 67 27 26 33 56 9999986 9999932 57 85 40 62 9999906 9999995 66 46 83 23 9999990 9999971 3 9999993 9999940]
[9999903 41 98 9999901 99 9999969 74 9999913 9999927 2 87 9999903 9999917 9999905 9999926 9999935 23 23 4 35 9999909 52 36 9999985 85 9999998 35 56 82 9999979 43 49 9999966 74 9999908 44 9999902 29 9999918 9999904 9999995 11 9999905 79 9999936 9999984 9999981 9999945 40 9999912 75 9999994 9999979 58 9999993 76 26 48 9999955 9999985 9999940 71 9999900 9999959 65 9999997 29 22 9999950 87 9999919 9999930 9999987 9999914 44 42 9999916 9999976 15 9999952 9999998 9999902 8 9999919 41 80 44 11 9999982 9999923 45 9999990 9999942 9999928 9999948 9999937 9999977 9999912 9999954 59]
[71 18 37 25 95 9999988 5 59 9999985 83 48 9999982 9999902 96 71 58 9999974 68 16 9999948 75 2 10 9999974 73 9999938 61 9999912 66 9999926 85 45 97 9999940 79 9999914 9999959 9999907 97 4 79 9999933 9999923 2 9999961 9999982 36 9999970 44 13 9999935 9999969 9999908 11 25 9999970 60 9999984 9999975 9999937 96 72 30 9999943 9999981 31 13 45 16 9999914 22 9999952 76 9999906 9999987 43 91 19 9999931 73 9999911 9999915 9999932 5 90 31 95 71 9999932 9999903 9999972 5 9999962 9999919 97 17 9999995 9999966 9999964 31]
[9999911 9999990 9999957 9999987 9999963 58 9999943 9999992 9999935 9999921 9999899 9999917 9999912 70 28 9999909 47 36 87 9999993 9999942 95 9999941 69 38 9999903 9999921 9999924 9999948 9999909 9999976 27 39 9999947 4 9999941 9999916 5 9999991 9999969 13 78 9999899 48 9999976 45 44 90 9999978 67 98 9999912 9999925 9999945 9999925 9999938 67 9999995 65 9999979 9999959 9999956 9999981 14 9999905 61 9999948 9999961 75 9999932 76 9999987 9999942 62 93 9999970 48 9999982 9999911 9999989 40 9999936 9999998 9999980 9999936 85 9999902 92 9999948 9999971 9999915 9999994 76 76 9999945 20 37 16 9999998 9999937]
[9999900 97 9999936 97 9999957 78 9999943 9999993 3 34 9999956 9999905 75 2 25 10 9999976 95 25 9999998 9999906 9999997 9999966 9999976 1 75 9999968 94 9999949 9999977 75 41 77 9999959 9999964 9999931 9999933 24 63 0 9999982 23 9999993 9999941 84 44 9999909 9999994 70 9999925 9999939 70 9999940 9999968 65 9999914 9999994 10 32 9999906 20 99 21 22 34 82 9999995 9999956 9999927 9999988 57 32 7 9999913 9999998 9999919 9999942 9999951 9999953 9999902 9999912 11 47 9999969 9999973 9999975 2 3 9999918 0 8 9999916 9999987 9999905 9999998 9999920 29 3 48 82]
[21 17 9999908 9999985 38 45 9999904 5 23 67 9999980 9999948 70 34 9999985 9999930 70 9999991 9999944 34 91 9999946 46 9999917 49 50 79 9999934 9999926 96 50 9999904 20 9999909 62 2 9999950 85 9999991 9999964 9999924 9999941 9999948 9999978 9999926 9999949 5 82 9999957 9999925 9999899 9999935 79 9999910 72 11 51 38 95 8 9999990 9999903 9999907 9999900 9999933 90 4 9999932 9999978 44 9999946 63 38 70 8 73 50 9999994 9999924 9999980 9999903 29 9999935 41 37 98 9999924 98 9999954 9999947 9999924 94 9999907 65 9999970 31 50 9999976 66 9999946]
[23 9999958 9999929 9999978 9999955 76 19 18 9999913 9999951 9999955 9999951 9999921 9999922 51 75 91 88 9999909 19 9999932 9999939 9999907 9999913 81 9999983 10 9999987 9999970 78 93 9999998 74 89 64 9999984 57 9999968 67 9999990 9999979 15 9999949 41 9999932 76 9999928 9999961 17 31 9999983 71 62 9999940 9999975 9999987 35 9999936 9999938 90 9999952 9999972 63 30 9999996 58 54 49 9999922 9999937 32 9999946 83 9999964 27 14 40 9999988 94 75 9999950 28 34 9999942 9999957 9999900 75 45 9999919 9999950 11 14 9999923 19 9999987 9999907 9999959 9999970 9999914 58]
[9 28 9999910 85 44 9999931 9999966 5 77 84 83 9999982 8 1 47 27 16 13 9999924 6 9999998 9999998 20 49 10 15 70 9999969 96 9999917 19 9999988 58 67 22 92 81 37 9999958 55 50 59 50 9999912 9999979 46 32 9999957 82 29 9999945 9999939 20 9999947 9999932 57 13 83 48 1 46 9999941 83 4 9999933 9999940 8 9999979 9999982 9999919 9999957 9999950 6 9999922 21 52 64 9999973 9 9999959 9999970 84 9999998 87 2 9999975 9999937 9999926 9999905 9999899 9999982 9999968 9999947 89 9999962 9999918 9999919 90 9999904 9999964]
[9999899 65 25 9999952 9999986 9999928 9999907 95 9999981 9999974 78 9999923 9999992 70 84 9999932 9999926 9999918 10 9999974 9999955 9999990 9999903 9999957 9999970 9999996 17 9999966 85 9999900 9999939 9999968 9999934 84 9999901 99 9999961 9999928 9999995 66 9999932 9999996 37 52 98 34 9999993 9999955 9999976 9999963 9999924 83 18 37 9999940 68 9999955 9999904 9999968 21 9999974 11 9999965 22 33 83 12 9999913 9999976 45 90 9999919 9999939 9999986 9999973 9999923 26 9999962 9999912 9999931 9999984 9999928 9999966 9999936 9999974 41 9999934 9999977 9999929 53 66 9999938 43 53 53 9999937 9999922 61 9999952 9999991]
[9999916 2 37 9999958 9999969 9999994 9999944 9999909 9999933 9999931 9999924 9999955 2 6 59 9999970 93 9999946 57 9999997 9999908 9999996 9999932 32 9999998 16 90 9999947 9999987 61 70 53 3 59 80 3 9999994 74 75 17 9999949 9999980 37 72 82 79 57 9999949 9999946 9999938 9999956 9999969 85 9999965 61 9999953 48 51 92 9999981 32 71 20 9999932 9999981 24 88 9999929 9999920 9999928 84 9999942 50 18 9999992 51 69 9999903 46 9999961 38 96 47 66 9999969 9999910 25 62 63 9999966 75 9999989 9999926 9999926 49 30 71 9999939 46 6]
[9999976 55 9999995 9999965 91 77 11 94 9999962 5 6 9999919 35 39 73 9999971 9999995 9999925 9999930 18 9999995 9999959 9999922 66 38 9999950 91 21 61 39 9999944 9999955 9999994 71 86 9999924 67 9999941 38 27 9 9999989 9999912 12 9999908 9999973 79 83 80 9999984 9999950 88 18 6 39 45 9999969 45 9999996 9999951 52 35 82 75 9999911 16 9999938 20 5 9999906 9999969 9999932 9999904 45 91 9999942 9999918 9999989 9999912 9999960 9999923 9999909 9999994 83 9999910 9999907 9999942 37 13 9999983 39 39 9999940 9999903 68 9999991 20 47 9999903 45]
[9999926 21 9999929 5 92 64 82 5 41 9999975 6 53 9999947 35 9999973 9999962 9999984 33 9999927 6 9999942 9999948 9999929 47 44 9999944 9999965 9999909 24 43 9999923 82 43 9999906 9999984 63 9999997 9999911 90 22 19 78 9999968 9999901 54 63 60 9999973 41 9999980 9999941 58 9999972 4 56 9999930 9999971 52 9999948 9999996 2 9999934 9999931 80 9999981 9999908 8 0 97 99 83 5 9999984 9999907 0 9999984 23 9999927 93 75 9999954 9999907 60 98 9999984 9999933 75 9999934 9999944 55 9999988 56 9999928 9999935 9999913 46 9999965 7 9999935 9999950]
[9999961 9999918 48 18 56 78 9999937 9999929 85 41 70 92 51 23 9999910 76 9999918 78 28 56 3 9999949 9999939 80 3 3 9999931 9999987 8 48 95 9999989 9999914 9999926 33 9999935 9999915 9999982 61 9999900 34 84 9999921 9999998 9999920 9999982 19 50 9999899 34 69 66 9999952 5 9999960 36 8 9999958 9999931 9999929 36 9999982 9999951 59 9999936 20 9999991 95 7 42 3 56 34 29 9999928 27 97 9999933 51 9999965 18 7 9999923 9999917 9999989 27 5 9999901 9999921 45 50 9999980 61 81 9999950 97 5 23 72 9999907]
[79 9999983 92 9999958 9999915 9999930 41 9999982 9999965 73 9999966 33 79 9 9999960 9999918 58 9999983 9999975 48 27 9999907 9999933 9999899 62 39 75 21 17 12 87 14 9999924 9999927 9999907 9999946 9999965 74 9999910 9999942 9999902 9999939 9999928 62 30 96 9999987 9999925 9999916 29 80 42 9999982 75 9999996 54 9999972 31 3 44 9999939 9999946 9999950 48 91 9999978 45 9999941 9999978 9999994 38 9999968 9999983 24 86 9999966 9999899 9999968 52 67 50 9999944 9999947 9999978 9999954 25 9999907 9999938 9999901 88 9999991 45 9999938 9999978 9999903 87 9999902 15 76 9999979]
]