[[9999999999999999999999999999999998875919816392863688490]
[9999999999999999999999999999999944715923616180614666197]
[9999999999999999999999999999999911738662917571956978616]
[9999999999999999999999999999999999784959159580158167897]
[57739248230655576614402]
[291430648675789969848844]
[9999999999999999999999999999999550845633884868586270252]
[9999999999999999999999999999999655037795351929636746174]
[328175032786276647341824]
[800594099308238895420848]
[9999999999999999999999999999999686062713477324731176959]
[286682799010055149958875]
[60253211545751013147775]
[565308253823112298924199]
[146806969385054135880843]
[188772393871047609415896]
[9999999999999999999999999999999916339412820432567937894]
[9999999999999999999999999999999825933031499160852312416]
[6220361370567765624780]
[9999999999999999999999999999999710827497512218451754831]
[116462828844241173327039]
[9999999999999999999999999999999952967181788218846382140]
[9999999999999999999999999999999643385540011349304269825]
[9999999999999999999999999999999750092980865088624743381]
[9999999999999999999999999999999976802139408452108484934]
[8857467506901961579072]
[9999999999999999999999999999999103024794150863083540324]
[136277795334560655420513]
[9999999999999999999999999999999547059674480316284117356]
[9999999999999999999999999999999381928552575741308253331]
[9999999999999999999999999999999817251530698466872207283]
[9999999999999999999999999999999987278297169565383566435]
[9999999999999999999999999999999433002935824662827305983]
[9999999999999999999999999999999719797815476783281649512]
[883282407791081483868439]
]