[[958888667256925341112621484628480313692402919326627289]
[7599222289423719034588299554488071778403744586535486614]
[937939165979259983509138109282630047765399082590086221]
[6002361989565287817911435977746753545140741395009090443]
[4193246084544253360971612281550477379221366885284880330]
[1477082625020496750340303605288833765194967714163961549]
[9727815894245350204684880608780982010008362500362499634]
[7676804624586058581606157956200829738445491632713537596]
[4131765056144106088985912182693566448639831469948674233]
[3127137729608533997396284378974841385436719013917182884]
[9741451518575162417229336727627705948415283131050454230]
[5228144587661264991534512596710429354228947492597581041]
[9269815911300566304119522007944616400781299608859368596]
[2004279660631716148346415471605246575839776999752548447]
[3351053208479953326673093334074535545339203535115086234]
[3539467539412638497710587365788543196922528802027816663]
[7054005372869841544630632586910566433551457300802793559]
[1868046031634740295270786020070058733472585612391036363]
[6725373054717005004695891784881807955599157635518698804]
[7999493248084955829087118320937563412024089331448541916]
[3652726891587750729467661623073460448171452338845644279]
[8956762991368674554405089464842260980090725484100039385]
[5021450954831622785274052812829707580069596147254493475]
[6153837306059234331379367988887490514147905884158287533]
[5736133252848419232008121450656346073345389725341751781]
[1948952668244697847395457508875979969430684345103167043]
[1147141350573241189105114261263789114575722669368015071]
[4980052930866766679009594723705366927686519666954561885]
[4482667090775976441064609202611580714897848130332548575]
[3333225447880843267232662774555437211910878853293146988]
[8474341119171612559204189066369377787883037880400999973]
[2194206154811253094852303262248202695661746606338397681]
[535879702798373854794566222872908626896876537403158095]
[8718448950033383609323227299937225435259286110880553313]
[2574091298228359580561128963328036790517687634453620377]
]