[[9041111332743074658887378515371518562227413473537061201]
[2400777710576280965411700445511872937519871594079179583]
[9062060834020740016490861890717281690897518489366892395]
[3997638010434712182088564022253246239818418185149077454]
[5806753915455746639028387718449580360026863770291734071]
[8522917374979503249659696394711457665453708075805887294]
[272184105754649795315119391218568835625522368223770618]
[2323195375413941418393842043798825299349860296923208578]
[5868234943855893911014087817306761726392954806698667590]
[6872862270391466002603715621025959208662589224978237963]
[258548481424837582770663272371980114298194193680722729]
[4771855412338735008465487403289857328570062562552377833]
[730184088699433695880477992055443852430246142153779178]
[7995720339368283851653584528395318732414046112546375751]
[6648946791520046673326906665925611261630181519020794608]
[6460532460587361502289412634211645575471342245581599232]
[2945994627130158455369367413089349905861363131765144335]
[8131953968365259704729213979929767199558913548461276053]
[3274626945282994995304108215118198264762212932246925975]
[2000506751915044170912881679062147415473422887003212915]
[6347273108412249270532338376926656014657391902327682759]
[1043237008631325445594910535157691987091062734746342755]
[4978549045168377214725947187169935805470415202049776350]
[3846162693940765668620632011112259578832959204466455848]
[4263866747151580767991878549343630728794018726766733153]
[8051047331755302152604542491124028888036822556858412028]
[8852858649426758810894885738735313910218428193715525253]
[5019947069133233320990405276294769350108814893700858627]
[5517332909224023558935390797387966344776632185951568781]
[6666774552119156732767337225443944716641696888015106343]
[1525658880828387440795810933630439463647660586471207310]
[7805793845188746905147696737751784582635422959045168754]
[9464120297201626145205433777126524376038948125424147888]
[1281551049966616390676772700062494362556190672401096199]
[7425908701771640419438871036672846491890103447030248061]
]